date,ret_gross,ret_net,turnover,cost_bps_applied
2000-02-01,0.0,-0.001,0.5,20.0
2000-02-02,-0.03680576753380308,-0.03680576753380308,0.0,0.0
2000-02-03,0.006517719795726542,0.006517719795726542,0.0,0.0
2000-02-04,0.042736044844669134,0.042736044844669134,0.0,0.0
2000-02-07,-0.004121993402592883,-0.004121993402592883,0.0,0.0
2000-02-08,-0.008099187752600644,-0.008099187752600644,0.0,0.0
2000-02-09,-0.047843186150283136,-0.047843186150283136,0.0,0.0
2000-02-10,0.029207489837733448,0.029207489837733448,0.0,0.0
2000-02-11,-0.012172054042978431,-0.012172054042978431,0.0,0.0
2000-02-14,-0.010129755198364433,-0.010129755198364433,0.0,0.0
2000-02-15,0.0392979100388763,0.0392979100388763,0.0,0.0
2000-02-16,0.008827706281082846,0.008827706281082846,0.0,0.0
2000-02-17,-0.031175800650458885,-0.031175800650458885,0.0,0.0
2000-02-18,-0.00039137145188634665,-0.00039137145188634665,0.0,0.0
2000-02-21,-0.06052755256339188,-0.06052755256339188,0.0,0.0
2000-02-22,-0.05992967841568639,-0.05992967841568639,0.0,0.0
2000-02-23,-0.043616812442702504,-0.043616812442702504,0.0,0.0
2000-02-24,0.05300975692791952,0.05300975692791952,0.0,0.0
2000-02-25,0.07748676179075528,0.07748676179075528,0.0,0.0
2000-02-28,-0.00249363967080567,-0.00249363967080567,0.0,0.0
2000-02-29,0.028077010314481548,0.028077010314481548,0.0,0.0
2000-03-01,0.044699726835603394,0.044699726835603394,0.0,0.0
2000-03-01,0.0,-0.0014000000000000002,0.7000000000000001,20.0
2000-03-02,0.008598373604093955,0.008598373604093955,0.0,0.0
2000-03-03,-0.003518374345302765,-0.003518374345302765,0.0,0.0
2000-03-06,0.004655605327497191,0.004655605327497191,0.0,0.0
2000-03-07,0.03790329321387903,0.03790329321387903,0.0,0.0
2000-03-08,0.03585365905222201,0.03585365905222201,0.0,0.0
2000-03-09,0.04450674263502157,0.04450674263502157,0.0,0.0
2000-03-10,-0.039534482402382116,-0.039534482402382116,0.0,0.0
2000-03-13,0.0,0.0,0.0,0.0
2000-03-14,0.0,0.0,0.0,0.0
2000-03-15,0.0,0.0,0.0,0.0
2000-03-16,0.0,0.0,0.0,0.0
2000-03-17,0.0,0.0,0.0,0.0
2000-03-20,0.0032835284251300856,0.0032835284251300856,0.0,0.0
2000-03-21,0.01794450835762513,0.01794450835762513,0.0,0.0
2000-03-22,-0.011485008252905035,-0.011485008252905035,0.0,0.0
2000-03-23,0.018672540890914406,0.018672540890914406,0.0,0.0
2000-03-24,-0.008651730778550335,-0.008651730778550335,0.0,0.0
2000-03-27,0.0031784907314400083,0.0031784907314400083,0.0,0.0
2000-03-28,-0.008959387922525272,-0.008959387922525272,0.0,0.0
2000-03-29,-0.009296663524013359,-0.009296663524013359,0.0,0.0
2000-03-30,-0.07576077990364832,-0.07576077990364832,0.0,0.0
2000-03-31,0.010526726005428453,0.010526726005428453,0.0,0.0
2000-04-03,0.003945422991453307,0.003945422991453307,0.0,0.0
2000-04-03,0.0,-0.0014000000000000002,0.7000000000000001,20.0
2000-04-04,0.016961169170946477,0.016961169170946477,0.0,0.0
2000-04-05,-0.03414621950972271,-0.03414621950972271,0.0,0.0
2000-04-06,0.0815874988515214,0.0815874988515214,0.0,0.0
2000-04-07,-0.0010747062813532735,-0.0010747062813532735,0.0,0.0
2000-04-10,-0.0151225432164333,-0.0151225432164333,0.0,0.0
2000-04-11,-0.01220509995062966,-0.01220509995062966,0.0,0.0
2000-04-12,-0.006823664912912839,-0.006823664912912839,0.0,0.0
2000-04-13,0.04051004226042809,0.04051004226042809,0.0,0.0
2000-04-14,0.022812821267958236,0.022812821267958236,0.0,0.0
2000-04-17,-0.03540625912193683,-0.03540625912193683,0.0,0.0
2000-04-18,-0.014736333937500465,-0.014736333937500465,0.0,0.0
2000-04-19,0.029124169814245877,0.029124169814245877,0.0,0.0
2000-04-20,0.01989100772933356,0.01989100772933356,0.0,0.0
2000-04-21,0.00988210519691367,0.00988210519691367,0.0,0.0
2000-04-24,-0.01039198203392987,-0.01039198203392987,0.0,0.0
2000-04-25,0.05516770519133083,0.05516770519133083,0.0,0.0
2000-04-26,0.027612370319588447,0.027612370319588447,0.0,0.0
2000-04-27,-0.0067187208318287475,-0.0067187208318287475,0.0,0.0
2000-04-28,0.04930398403429535,0.04930398403429535,0.0,0.0
2000-05-01,0.029800833164400693,0.029800833164400693,0.0,0.0
2000-05-01,0.0,-0.0006,0.3,20.0
2000-05-02,0.029374085020442524,0.029374085020442524,0.0,0.0
2000-05-03,-0.0075898186325715645,-0.0075898186325715645,0.0,0.0
2000-05-04,-0.054403352786312864,-0.054403352786312864,0.0,0.0
2000-05-05,-0.003739731459744355,-0.003739731459744355,0.0,0.0
2000-05-08,-0.04658990698533292,-0.04658990698533292,0.0,0.0
2000-05-09,0.03986419800172185,0.03986419800172185,0.0,0.0
2000-05-10,-0.002827401064356105,-0.002827401064356105,0.0,0.0
2000-05-11,0.005084893147015102,0.005084893147015102,0.0,0.0
2000-05-12,-0.011297177303938456,-0.011297177303938456,0.0,0.0
2000-05-15,-0.046337286234214264,-0.046337286234214264,0.0,0.0
2000-05-16,0.03171892477832594,0.03171892477832594,0.0,0.0
2000-05-17,-0.03296936065144598,-0.03296936065144598,0.0,0.0
2000-05-18,-0.016140517951353774,-0.016140517951353774,0.0,0.0
2000-05-19,0.0,0.0,0.0,0.0
2000-05-22,-0.024344434041254373,-0.024344434041254373,0.0,0.0
2000-05-23,-0.03169577483058157,-0.03169577483058157,0.0,0.0
2000-05-24,0.039110441568216,0.039110441568216,0.0,0.0
2000-05-25,0.01868718158937306,0.01868718158937306,0.0,0.0
2000-05-26,-0.01163619742601464,-0.01163619742601464,0.0,0.0
2000-05-29,0.0013357706062907646,0.0013357706062907646,0.0,0.0
2000-05-30,-0.0013072896829499532,-0.0013072896829499532,0.0,0.0
2000-05-31,0.016646634411340275,0.016646634411340275,0.0,0.0
2000-06-01,0.0,-0.0006,0.3,20.0
2000-06-01,0.02178367909652345,0.02178367909652345,0.0,0.0
2000-06-02,-0.023972734803924624,-0.023972734803924624,0.0,0.0
2000-06-05,-0.0014285974087393637,-0.0014285974087393637,0.0,0.0
2000-06-06,0.01082008217346564,0.01082008217346564,0.0,0.0
2000-06-07,-0.019582430535482157,-0.019582430535482157,0.0,0.0
2000-06-08,0.021584521689810177,0.021584521689810177,0.0,0.0
2000-06-09,-0.004238817448536103,-0.004238817448536103,0.0,0.0
2000-06-12,-0.029072352829183128,-0.029072352829183128,0.0,0.0
2000-06-13,-0.012490799414185152,-0.012490799414185152,0.0,0.0
2000-06-14,-0.01017493220068596,-0.01017493220068596,0.0,0.0
2000-06-15,-0.007971611036271985,-0.007971611036271985,0.0,0.0
2000-06-16,-0.047914032114851415,-0.047914032114851415,0.0,0.0
2000-06-19,0.013577038286555352,0.013577038286555352,0.0,0.0
2000-06-20,0.006253576931543037,0.006253576931543037,0.0,0.0
2000-06-21,-3.563461113937922e-05,-3.563461113937922e-05,0.0,0.0
2000-06-22,0.006154971880778327,0.006154971880778327,0.0,0.0
2000-06-23,-0.01069573927927151,-0.01069573927927151,0.0,0.0
2000-06-26,-0.01636995022760899,-0.01636995022760899,0.0,0.0
2000-06-27,0.005784933556883809,0.005784933556883809,0.0,0.0
2000-06-28,-0.00957404925014077,-0.00957404925014077,0.0,0.0
2000-06-29,-0.01425825805886526,-0.01425825805886526,0.0,0.0
2000-06-30,-0.0053631512281790425,-0.0053631512281790425,0.0,0.0
2000-07-03,-0.005465059249348292,-0.005465059249348292,0.0,0.0
2000-07-03,0.0,-0.001,0.5,20.0
2000-07-04,-0.013483541272196909,-0.013483541272196909,0.0,0.0
2000-07-05,0.03870834596198702,0.03870834596198702,0.0,0.0
2000-07-06,-0.026094702055997347,-0.026094702055997347,0.0,0.0
2000-07-07,0.0018793196891613417,0.0018793196891613417,0.0,0.0
2000-07-10,0.036239209809661575,0.036239209809661575,0.0,0.0
2000-07-11,-0.043580554991558634,-0.043580554991558634,0.0,0.0
2000-07-12,0.0028718908032595693,0.0028718908032595693,0.0,0.0
2000-07-13,-0.025696578934098758,-0.025696578934098758,0.0,0.0
2000-07-14,0.0168921859887793,0.0168921859887793,0.0,0.0
2000-07-17,-0.038321383972882844,-0.038321383972882844,0.0,0.0
2000-07-18,0.009436189964994457,0.009436189964994457,0.0,0.0
2000-07-19,0.04086501621371306,0.04086501621371306,0.0,0.0
2000-07-20,-0.006065568273656728,-0.006065568273656728,0.0,0.0
2000-07-21,0.022993197448918104,0.022993197448918104,0.0,0.0
2000-07-24,0.019369798163989392,0.019369798163989392,0.0,0.0
2000-07-25,0.02427404184520784,0.02427404184520784,0.0,0.0
2000-07-26,-0.012779856142319912,-0.012779856142319912,0.0,0.0
2000-07-27,-0.0011699471305909094,-0.0011699471305909094,0.0,0.0
2000-07-28,0.03625602491997566,0.03625602491997566,0.0,0.0
2000-07-31,-0.004249710320123657,-0.004249710320123657,0.0,0.0
2000-08-01,0.01983272077109208,0.01983272077109208,0.0,0.0
2000-08-01,0.0,-0.0007999999999999999,0.39999999999999997,20.0
2000-08-02,0.029775635310932327,0.029775635310932327,0.0,0.0
2000-08-03,0.004790782470115663,0.004790782470115663,0.0,0.0
2000-08-04,-0.017118853311598195,-0.017118853311598195,0.0,0.0
2000-08-07,-0.015194805308845828,-0.015194805308845828,0.0,0.0
2000-08-08,-0.004726298079930259,-0.004726298079930259,0.0,0.0
2000-08-09,0.0040956841245095585,0.0040956841245095585,0.0,0.0
2000-08-10,0.008292529693737727,0.008292529693737727,0.0,0.0
2000-08-11,0.03588300862407665,0.03588300862407665,0.0,0.0
2000-08-14,0.03331994482081861,0.03331994482081861,0.0,0.0
2000-08-15,-0.019186582021017543,-0.019186582021017543,0.0,0.0
2000-08-16,0.00901686019698681,0.00901686019698681,0.0,0.0
2000-08-17,0.022862774592482482,0.022862774592482482,0.0,0.0
2000-08-18,0.017466039659893417,0.017466039659893417,0.0,0.0
2000-08-21,-0.012004522538238794,-0.012004522538238794,0.0,0.0
2000-08-22,-0.01043704768283379,-0.01043704768283379,0.0,0.0
2000-08-23,0.01829226922185423,0.01829226922185423,0.0,0.0
2000-08-24,0.002470487473430161,0.002470487473430161,0.0,0.0
2000-08-25,-0.006522253048525463,-0.006522253048525463,0.0,0.0
2000-08-28,0.0051142905498336114,0.0051142905498336114,0.0,0.0
2000-08-29,0.010869815927209425,0.010869815927209425,0.0,0.0
2000-08-30,0.0,0.0,0.0,0.0
2000-08-31,-0.015659845513960702,-0.015659845513960702,0.0,0.0
2000-09-01,0.002371290580762431,0.002371290580762431,0.0,0.0
2000-09-01,0.0,-0.0004,0.2,20.0
2000-09-04,-0.009259781331887595,-0.009259781331887595,0.0,0.0
2000-09-05,0.025006418736264847,0.025006418736264847,0.0,0.0
2000-09-06,0.003563246459798176,0.003563246459798176,0.0,0.0
2000-09-07,-0.027618933690356895,-0.027618933690356895,0.0,0.0
2000-09-08,0.016201095174171898,0.016201095174171898,0.0,0.0
2000-09-11,-0.04081971515861119,-0.04081971515861119,0.0,0.0
2000-09-12,-0.006555680712748179,-0.006555680712748179,0.0,0.0
2000-09-13,0.0006280926382144392,0.0006280926382144392,0.0,0.0
2000-09-14,-0.02153163830378512,-0.02153163830378512,0.0,0.0
2000-09-15,-0.014684907489957922,-0.014684907489957922,0.0,0.0
2000-09-18,-0.05393914529648299,-0.05393914529648299,0.0,0.0
2000-09-19,-0.05820855184139165,-0.05820855184139165,0.0,0.0
2000-09-20,0.07175139331957309,0.07175139331957309,0.0,0.0
2000-09-21,0.004434920999774784,0.004434920999774784,0.0,0.0
2000-09-22,-0.013279814271749757,-0.013279814271749757,0.0,0.0
2000-09-25,0.03547014527382074,0.03547014527382074,0.0,0.0
2000-09-26,0.002901629960453512,0.002901629960453512,0.0,0.0
2000-09-27,-0.015398221083682294,-0.015398221083682294,0.0,0.0
2000-09-28,0.004234440626193214,0.004234440626193214,0.0,0.0
2000-09-29,0.012906190311112897,0.012906190311112897,0.0,0.0
2000-09-30,0.0,0.0,0.0,0.0
2000-09-30,0.0,-0.002,1.0,20.0
2000-10-02,0.0,-0.0020000000000000005,1.0000000000000002,20.0
2000-10-02,0.004393777988571347,0.004393777988571347,0.0,0.0
2000-10-03,0.015875023823137036,0.015875023823137036,0.0,0.0
2000-10-04,0.022979994153467343,0.022979994153467343,0.0,0.0
2000-10-05,0.010627524495933082,0.010627524495933082,0.0,0.0
2000-10-06,0.0409384743138411,0.0409384743138411,0.0,0.0
2000-10-09,-0.0047628128291743906,-0.0047628128291743906,0.0,0.0
2000-10-10,0.05160360085227227,0.05160360085227227,0.0,0.0
2000-10-11,-0.012702817772092057,-0.012702817772092057,0.0,0.0
2000-10-12,0.02920088267865282,0.02920088267865282,0.0,0.0
2000-10-13,-0.017824423844559602,-0.017824423844559602,0.0,0.0
2000-10-16,0.05403475487554188,0.05403475487554188,0.0,0.0
2000-10-17,0.01020682189156288,0.01020682189156288,0.0,0.0
2000-10-18,0.003390455551414564,0.003390455551414564,0.0,0.0
2000-10-19,0.010199095261351343,0.010199095261351343,0.0,0.0
2000-10-20,0.007118251330141179,0.007118251330141179,0.0,0.0
2000-10-23,-0.017774843270641594,-0.017774843270641594,0.0,0.0
2000-10-24,0.01974348750664539,0.01974348750664539,0.0,0.0
2000-10-25,-0.008420345952113283,-0.008420345952113283,0.0,0.0
2000-10-26,0.008176852382170263,0.008176852382170263,0.0,0.0
2000-10-27,-0.019261825951386258,-0.019261825951386258,0.0,0.0
2000-10-30,-0.0037492935015536414,-0.0037492935015536414,0.0,0.0
2000-10-31,0.015109650186681554,0.015109650186681554,0.0,0.0
2000-11-01,0.033705806011372366,0.033705806011372366,0.0,0.0
2000-11-01,0.0,-0.0006,0.3,20.0
2000-11-02,0.00969188419635837,0.00969188419635837,0.0,0.0
2000-11-03,0.015966989483428284,0.015966989483428284,0.0,0.0
2000-11-06,-0.007595921777147007,-0.007595921777147007,0.0,0.0
2000-11-07,8.269394300368599e-05,8.269394300368599e-05,0.0,0.0
2000-11-08,-0.0416821339129216,-0.0416821339129216,0.0,0.0
2000-11-09,0.014919182516998931,0.014919182516998931,0.0,0.0
2000-11-10,0.013217474489795912,0.013217474489795912,0.0,0.0
2000-11-13,-0.033855322619935554,-0.033855322619935554,0.0,0.0
2000-11-14,-0.009962276333251096,-0.009962276333251096,0.0,0.0
2000-11-15,-0.0011717419348437736,-0.0011717419348437736,0.0,0.0
2000-11-16,-0.020828037572561898,-0.020828037572561898,0.0,0.0
2000-11-17,-0.024815529500662906,-0.024815529500662906,0.0,0.0
2000-11-20,-0.06587805693931836,-0.06587805693931836,0.0,0.0
2000-11-21,-0.05638751357280345,-0.05638751357280345,0.0,0.0
2000-11-22,0.00841229552845819,0.00841229552845819,0.0,0.0
2000-11-23,-0.021928924385554237,-0.021928924385554237,0.0,0.0
2000-11-24,-0.029190957577477684,-0.029190957577477684,0.0,0.0
2000-11-27,-0.01810560016149576,-0.01810560016149576,0.0,0.0
2000-11-28,-0.0956925143137699,-0.0956925143137699,0.0,0.0
2000-11-29,0.024591928158858987,0.024591928158858987,0.0,0.0
2000-11-30,-0.08463856413926418,-0.08463856413926418,0.0,0.0
2000-12-01,0.0,-0.0006,0.3,20.0
2000-12-01,-0.09701044365164128,-0.09701044365164128,0.0,0.0
2000-12-04,-0.11636313972128884,-0.11636313972128884,0.0,0.0
2000-12-05,0.27472657696042063,0.27472657696042063,0.0,0.0
2000-12-06,0.15836739239909337,0.15836739239909337,0.0,0.0
2000-12-07,-0.11187683920624844,-0.11187683920624844,0.0,0.0
2000-12-08,0.012217092228478022,0.012217092228478022,0.0,0.0
2000-12-11,-0.006714641796428215,-0.006714641796428215,0.0,0.0
2000-12-12,-0.009861143885560319,-0.009861143885560319,0.0,0.0
2000-12-13,-0.056980443908917516,-0.056980443908917516,0.0,0.0
2000-12-14,0.03704452129799514,0.03704452129799514,0.0,0.0
2000-12-15,-0.0027908951365128282,-0.0027908951365128282,0.0,0.0
2000-12-18,-0.029396252319400885,-0.029396252319400885,0.0,0.0
2000-12-19,0.006004073837589408,0.006004073837589408,0.0,0.0
2000-12-20,-0.0014977841340466425,-0.0014977841340466425,0.0,0.0
2000-12-21,0.004488891917677517,0.004488891917677517,0.0,0.0
2000-12-22,0.016174393263633503,0.016174393263633503,0.0,0.0
2000-12-25,0.0,0.0,0.0,0.0
2000-12-25,0.0,-0.0018000000000000006,0.9000000000000002,20.0
2000-12-26,0.0,0.0,0.0,0.0
2000-12-27,0.0,0.0,0.0,0.0
2000-12-28,0.0,0.0,0.0,0.0
2000-12-29,0.0,0.0,0.0,0.0
2000-12-31,0.0,0.0,0.0,0.0
2001-01-01,0.0,0.0,0.0,0.0
2001-01-01,0.0,-0.002,1.0,20.0
2001-01-02,-0.0041100211014413295,-0.0041100211014413295,0.0,0.0
2001-01-03,-0.027238639799433542,-0.027238639799433542,0.0,0.0
2001-01-04,0.11482877273678141,0.11482877273678141,0.0,0.0
2001-01-05,-0.005410804999077446,-0.005410804999077446,0.0,0.0
2001-01-08,0.05256219232894752,0.05256219232894752,0.0,0.0
2001-01-09,0.027780780235431412,0.027780780235431412,0.0,0.0
2001-01-10,0.04226623156031915,0.04226623156031915,0.0,0.0
2001-01-11,-0.013313457492389047,-0.013313457492389047,0.0,0.0
2001-01-12,-0.03810260395218638,-0.03810260395218638,0.0,0.0
2001-01-15,-0.0373159653595502,-0.0373159653595502,0.0,0.0
2001-01-16,0.004114861321196673,0.004114861321196673,0.0,0.0
2001-01-17,0.04980445072910655,0.04980445072910655,0.0,0.0
2001-01-18,-0.020195673785603434,-0.020195673785603434,0.0,0.0
2001-01-19,0.04305510639388117,0.04305510639388117,0.0,0.0
2001-01-22,-0.031339552937087026,-0.031339552937087026,0.0,0.0
2001-01-23,-0.01612935748961667,-0.01612935748961667,0.0,0.0
2001-01-24,-0.01382792664409295,-0.01382792664409295,0.0,0.0
2001-01-25,0.019504456084008748,0.019504456084008748,0.0,0.0
2001-01-26,-0.015492450142828462,-0.015492450142828462,0.0,0.0
2001-01-29,-0.03272681339210176,-0.03272681339210176,0.0,0.0
2001-01-30,-0.015740166395354548,-0.015740166395354548,0.0,0.0
2001-01-31,0.005851135522714369,0.005851135522714369,0.0,0.0
2001-02-01,-0.0004973356037185851,-0.0004973356037185851,0.0,0.0
2001-02-01,0.0,-0.0002,0.1,20.0
2001-02-02,-0.00748855779388281,-0.00748855779388281,0.0,0.0
2001-02-05,-0.06355436065887571,-0.06355436065887571,0.0,0.0
2001-02-06,0.030041670648311675,0.030041670648311675,0.0,0.0
2001-02-07,-0.034486457606393336,-0.034486457606393336,0.0,0.0
2001-02-08,-0.011583517377411512,-0.011583517377411512,0.0,0.0
2001-02-09,-0.021470078514248304,-0.021470078514248304,0.0,0.0
2001-02-12,-0.05871088836577746,-0.05871088836577746,0.0,0.0
2001-02-13,0.033674177895915536,0.033674177895915536,0.0,0.0
2001-02-14,0.06672591835037514,0.06672591835037514,0.0,0.0
2001-02-15,-0.024397758353756273,-0.024397758353756273,0.0,0.0
2001-02-16,0.0576549659742856,0.0576549659742856,0.0,0.0
2001-02-19,-0.14530406249884706,-0.14530406249884706,0.0,0.0
2001-02-20,0.003890375328604012,0.003890375328604012,0.0,0.0
2001-02-21,-0.17629278347177185,-0.17629278347177185,0.0,0.0
2001-02-22,0.0975622000721612,0.0975622000721612,0.0,0.0
2001-02-23,0.04953962422412479,0.04953962422412479,0.0,0.0
2001-02-26,0.0818082552312707,0.0818082552312707,0.0,0.0
2001-02-27,-0.048746058357387115,-0.048746058357387115,0.0,0.0
2001-02-28,0.02844769260259748,0.02844769260259748,0.0,0.0
2001-03-01,0.0631908666609292,0.0631908666609292,0.0,0.0
2001-03-01,0.0,-0.0002,0.1,20.0
2001-03-02,0.0381967865380858,0.0381967865380858,0.0,0.0
2001-03-05,0.0,0.0,0.0,0.0
2001-03-06,0.0,0.0,0.0,0.0
2001-03-07,0.0,0.0,0.0,0.0
2001-03-08,0.0,0.0,0.0,0.0
2001-03-09,0.0,0.0,0.0,0.0
2001-03-12,-0.05307167967676914,-0.05307167967676914,0.0,0.0
2001-03-13,0.0020246906631214666,0.0020246906631214666,0.0,0.0
2001-03-14,-0.01978417682068944,-0.01978417682068944,0.0,0.0
2001-03-15,0.0341104298846072,0.0341104298846072,0.0,0.0
2001-03-16,0.03345932669377614,0.03345932669377614,0.0,0.0
2001-03-19,-0.011031505037967126,-0.011031505037967126,0.0,0.0
2001-03-20,0.0344882499272303,0.0344882499272303,0.0,0.0
2001-03-21,-0.019449246799061126,-0.019449246799061126,0.0,0.0
2001-03-22,-0.008963115731166515,-0.008963115731166515,0.0,0.0
2001-03-23,0.00506831263243489,0.00506831263243489,0.0,0.0
2001-03-26,-0.014103891444924355,-0.014103891444924355,0.0,0.0
2001-03-27,-0.04989915585474499,-0.04989915585474499,0.0,0.0
2001-03-28,-0.019790618968722307,-0.019790618968722307,0.0,0.0
2001-03-29,-0.04503582488035682,-0.04503582488035682,0.0,0.0
2001-03-30,0.10020494843189534,0.10020494843189534,0.0,0.0
2001-03-31,0.0,-0.002,1.0,20.0
2001-03-31,0.0,0.0,0.0,0.0
2001-04-02,-0.004907945273388212,-0.004907945273388212,0.0,0.0
2001-04-02,0.0,-0.002,1.0,20.0
2001-04-03,0.0061547582370341984,0.0061547582370341984,0.0,0.0
2001-04-04,0.0033033479358180774,0.0033033479358180774,0.0,0.0
2001-04-05,0.05767232351912173,0.05767232351912173,0.0,0.0
2001-04-06,-0.016927244288864718,-0.016927244288864718,0.0,0.0
2001-04-09,0.0007711383930570359,0.0007711383930570359,0.0,0.0
2001-04-10,-0.011147850104905311,-0.011147850104905311,0.0,0.0
2001-04-11,0.04560197663692289,0.04560197663692289,0.0,0.0
2001-04-12,0.0300442936043088,0.0300442936043088,0.0,0.0
2001-04-13,0.01365787854619205,0.01365787854619205,0.0,0.0
2001-04-16,0.044896622288108895,0.044896622288108895,0.0,0.0
2001-04-17,-0.02076496641103385,-0.02076496641103385,0.0,0.0
2001-04-18,0.021049259718792578,0.021049259718792578,0.0,0.0
2001-04-19,0.04368152885540597,0.04368152885540597,0.0,0.0
2001-04-20,0.029806276417151868,0.029806276417151868,0.0,0.0
2001-04-23,0.0,0.0,0.0,0.0
2001-04-24,0.04083335764248937,0.04083335764248937,0.0,0.0
2001-04-25,0.002223828835008856,0.002223828835008856,0.0,0.0
2001-04-26,0.06615271299780184,0.06615271299780184,0.0,0.0
2001-04-27,0.07797041784657303,0.07797041784657303,0.0,0.0
2001-04-30,0.010097747501813947,0.010097747501813947,0.0,0.0
2001-05-01,0.010075422052043724,0.010075422052043724,0.0,0.0
2001-05-01,0.0,-0.0006,0.3,20.0
2001-05-02,-0.008581013605378763,-0.008581013605378763,0.0,0.0
2001-05-03,0.06626472001868287,0.06626472001868287,0.0,0.0
2001-05-04,-0.005753301596958926,-0.005753301596958926,0.0,0.0
2001-05-07,-0.019565820816547022,-0.019565820816547022,0.0,0.0
2001-05-08,0.024548746462095507,0.024548746462095507,0.0,0.0
2001-05-09,-0.021548989800276742,-0.021548989800276742,0.0,0.0
2001-05-10,-0.032899845240204985,-0.032899845240204985,0.0,0.0
2001-05-11,-0.031364745396494656,-0.031364745396494656,0.0,0.0
2001-05-14,0.02408545387204024,0.02408545387204024,0.0,0.0
2001-05-15,-0.01651169929490942,-0.01651169929490942,0.0,0.0
2001-05-16,0.058598536206842834,0.058598536206842834,0.0,0.0
2001-05-17,0.003406957708889125,0.003406957708889125,0.0,0.0
2001-05-18,0.02799401471470955,0.02799401471470955,0.0,0.0
2001-05-21,-0.011739805608179811,-0.011739805608179811,0.0,0.0
2001-05-22,0.004014920427789048,0.004014920427789048,0.0,0.0
2001-05-23,-0.04756258315000891,-0.04756258315000891,0.0,0.0
2001-05-24,-0.007885228706523984,-0.007885228706523984,0.0,0.0
2001-05-25,0.027732463737784152,0.027732463737784152,0.0,0.0
2001-05-28,-0.05558645487120404,-0.05558645487120404,0.0,0.0
2001-05-29,-0.014872886902506002,-0.014872886902506002,0.0,0.0
2001-05-30,-0.03708973364415043,-0.03708973364415043,0.0,0.0
2001-05-31,0.024314586709745702,0.024314586709745702,0.0,0.0
2001-06-01,0.02663408827151164,0.02663408827151164,0.0,0.0
2001-06-01,0.0,-0.0004,0.2,20.0
2001-06-04,0.0401929796804663,0.0401929796804663,0.0,0.0
2001-06-05,-0.030308770294812732,-0.030308770294812732,0.0,0.0
2001-06-06,0.05161160524063749,0.05161160524063749,0.0,0.0
2001-06-07,0.008815556048250852,0.008815556048250852,0.0,0.0
2001-06-08,-0.00723933415598531,-0.00723933415598531,0.0,0.0
2001-06-11,-0.032546694428324446,-0.032546694428324446,0.0,0.0
2001-06-12,-0.01971620800896331,-0.01971620800896331,0.0,0.0
2001-06-13,-0.007196363378860694,-0.007196363378860694,0.0,0.0
2001-06-14,0.05477094298113941,0.05477094298113941,0.0,0.0
2001-06-15,-0.014655639712330783,-0.014655639712330783,0.0,0.0
2001-06-18,-0.055571115592251155,-0.055571115592251155,0.0,0.0
2001-06-19,-0.013477702191987908,-0.013477702191987908,0.0,0.0
2001-06-20,0.004480992704659081,0.004480992704659081,0.0,0.0
2001-06-21,0.0015306122448979665,0.0015306122448979665,0.0,0.0
2001-06-22,0.01222607899703284,0.01222607899703284,0.0,0.0
2001-06-25,-0.03048545594346802,-0.03048545594346802,0.0,0.0
2001-06-26,0.028824058454106006,0.028824058454106006,0.0,0.0
2001-06-27,0.014543440524956998,0.014543440524956998,0.0,0.0
2001-06-28,-0.003964239932023084,-0.003964239932023084,0.0,0.0
2001-06-29,0.02539345121097765,0.02539345121097765,0.0,0.0
2001-06-30,0.0,0.0,0.0,0.0
2001-06-30,0.0,-0.002,1.0,20.0
2001-07-02,0.020369726908633735,0.020369726908633735,0.0,0.0
2001-07-02,0.0,-0.002,1.0,20.0
2001-07-03,-0.033584755008116876,-0.033584755008116876,0.0,0.0
2001-07-04,-0.011244770194856424,-0.011244770194856424,0.0,0.0
2001-07-05,0.008233991131926976,0.008233991131926976,0.0,0.0
2001-07-06,-0.06910949905772998,-0.06910949905772998,0.0,0.0
2001-07-09,-0.008238988703646045,-0.008238988703646045,0.0,0.0
2001-07-10,-0.025020928724960766,-0.025020928724960766,0.0,0.0
2001-07-11,-0.08292850245534651,-0.08292850245534651,0.0,0.0
2001-07-12,0.05116538978151608,0.05116538978151608,0.0,0.0
2001-07-13,-0.014180706814408008,-0.014180706814408008,0.0,0.0
2001-07-16,-0.01952142566070897,-0.01952142566070897,0.0,0.0
2001-07-17,-0.0495247356009615,-0.0495247356009615,0.0,0.0
2001-07-18,0.04575613522216504,0.04575613522216504,0.0,0.0
2001-07-19,0.06203925509064159,0.06203925509064159,0.0,0.0
2001-07-20,0.012824174236547692,0.012824174236547692,0.0,0.0
2001-07-23,0.05938263053128594,0.05938263053128594,0.0,0.0
2001-07-24,0.027655088733601573,0.027655088733601573,0.0,0.0
2001-07-25,-0.032495528323453954,-0.032495528323453954,0.0,0.0
2001-07-26,0.028443767833851955,0.028443767833851955,0.0,0.0
2001-07-27,-0.006642466682847657,-0.006642466682847657,0.0,0.0
2001-07-30,0.028580465587044517,0.028580465587044517,0.0,0.0
2001-07-31,-0.0026444143040097673,-0.0026444143040097673,0.0,0.0
2001-08-01,0.02379903693345702,0.02379903693345702,0.0,0.0
2001-08-01,0.0,-0.0004,0.2,20.0
2001-08-02,0.005531556879620437,0.005531556879620437,0.0,0.0
2001-08-03,0.005832221503896395,0.005832221503896395,0.0,0.0
2001-08-06,-0.018283361826233746,-0.018283361826233746,0.0,0.0
2001-08-07,0.006124959330543434,0.006124959330543434,0.0,0.0
2001-08-08,-0.014481891510130518,-0.014481891510130518,0.0,0.0
2001-08-09,-0.010972187765110008,-0.010972187765110008,0.0,0.0
2001-08-10,-0.0023953651691457807,-0.0023953651691457807,0.0,0.0
2001-08-13,-0.004132161727580184,-0.004132161727580184,0.0,0.0
2001-08-14,-0.009908247583356712,-0.009908247583356712,0.0,0.0
2001-08-15,0.03951683793113204,0.03951683793113204,0.0,0.0
2001-08-16,0.060185537666613324,0.060185537666613324,0.0,0.0
2001-08-17,0.012182453730644718,0.012182453730644718,0.0,0.0
2001-08-20,0.012197910245301036,0.012197910245301036,0.0,0.0
2001-08-21,0.012581623096746342,0.012581623096746342,0.0,0.0
2001-08-22,-0.0077434413032540055,-0.0077434413032540055,0.0,0.0
2001-08-23,0.032579093957773766,0.032579093957773766,0.0,0.0
2001-08-24,0.006541064260033468,0.006541064260033468,0.0,0.0
2001-08-27,0.015925020496468545,0.015925020496468545,0.0,0.0
2001-08-28,-0.007218977086567158,-0.007218977086567158,0.0,0.0
2001-08-29,-0.03331132947089708,-0.03331132947089708,0.0,0.0
2001-08-30,0.0,0.0,0.0,0.0
2001-08-31,0.0012795383134611487,0.0012795383134611487,0.0,0.0
2001-09-03,-0.019540368676477363,-0.019540368676477363,0.0,0.0
2001-09-03,0.0,-0.0006,0.3,20.0
2001-09-04,-0.01561965609701944,-0.01561965609701944,0.0,0.0
2001-09-05,0.007814875630967572,0.007814875630967572,0.0,0.0
2001-09-06,0.036952641013346915,0.036952641013346915,0.0,0.0
2001-09-07,-0.023680560464034252,-0.023680560464034252,0.0,0.0
2001-09-10,-0.017999792509596428,-0.017999792509596428,0.0,0.0
2001-09-11,-0.00025162814102715723,-0.00025162814102715723,0.0,0.0
2001-09-12,0.0,0.0,0.0,0.0
2001-09-13,-0.13008256197056706,-0.13008256197056706,0.0,0.0
2001-09-14,-0.09040236915560068,-0.09040236915560068,0.0,0.0
2001-09-17,-0.05083191355332996,-0.05083191355332996,0.0,0.0
2001-09-18,-0.005092993639783796,-0.005092993639783796,0.0,0.0
2001-09-19,0.04595514560094026,0.04595514560094026,0.0,0.0
2001-09-20,-0.040004382300339585,-0.040004382300339585,0.0,0.0
2001-09-21,-0.05549314517657663,-0.05549314517657663,0.0,0.0
2001-09-24,0.04399372687514409,0.04399372687514409,0.0,0.0
2001-09-25,0.015415729216873853,0.015415729216873853,0.0,0.0
2001-09-26,-0.007085050407237651,-0.007085050407237651,0.0,0.0
2001-09-27,-0.015719291259566316,-0.015719291259566316,0.0,0.0
2001-09-28,0.03549857713811416,0.03549857713811416,0.0,0.0
2001-09-30,0.0,0.0,0.0,0.0
2001-09-30,0.0,-0.002,1.0,20.0
2001-10-01,0.019999185516224913,0.019999185516224913,0.0,0.0
2001-10-01,0.0,-0.002,1.0,20.0
2001-10-02,0.004354053148787018,0.004354053148787018,0.0,0.0
2001-10-03,-0.01969730873880653,-0.01969730873880653,0.0,0.0
2001-10-04,0.023188876979834475,0.023188876979834475,0.0,0.0
2001-10-05,-0.022033874384595056,-0.022033874384595056,0.0,0.0
2001-10-08,-0.012510047075579733,-0.012510047075579733,0.0,0.0
2001-10-09,0.02132273893022736,0.02132273893022736,0.0,0.0
2001-10-10,0.07022215023290748,0.07022215023290748,0.0,0.0
2001-10-11,0.04637143867007956,0.04637143867007956,0.0,0.0
2001-10-12,-0.015494360215120396,-0.015494360215120396,0.0,0.0
2001-10-15,0.018532658791754343,0.018532658791754343,0.0,0.0
2001-10-16,0.02073007025209074,0.02073007025209074,0.0,0.0
2001-10-17,0.027984766523206507,0.027984766523206507,0.0,0.0
2001-10-18,-0.00944904072468944,-0.00944904072468944,0.0,0.0
2001-10-19,0.013605282414469212,0.013605282414469212,0.0,0.0
2001-10-22,0.07011596976008042,0.07011596976008042,0.0,0.0
2001-10-23,0.015594994136885344,0.015594994136885344,0.0,0.0
2001-10-24,0.008387630662020909,0.008387630662020909,0.0,0.0
2001-10-25,-0.04362276615451306,-0.04362276615451306,0.0,0.0
2001-10-26,0.04963795926367581,0.04963795926367581,0.0,0.0
2001-10-29,0.0,0.0,0.0,0.0
2001-10-30,0.041697041315162366,0.041697041315162366,0.0,0.0
2001-10-31,0.0009068941787351952,0.0009068941787351952,0.0,0.0
2001-11-01,0.006882955532730874,0.006882955532730874,0.0,0.0
2001-11-01,0.0,-0.0006,0.3,20.0
2001-11-02,0.027546545985084155,0.027546545985084155,0.0,0.0
2001-11-05,0.022581429326498363,0.022581429326498363,0.0,0.0
2001-11-06,0.02519184154836919,0.02519184154836919,0.0,0.0
2001-11-07,0.007973535577984872,0.007973535577984872,0.0,0.0
2001-11-08,0.02938995914624708,0.02938995914624708,0.0,0.0
2001-11-09,-0.03337153589297782,-0.03337153589297782,0.0,0.0
2001-11-12,0.01640629743784045,0.01640629743784045,0.0,0.0
2001-11-13,-0.01764208619312028,-0.01764208619312028,0.0,0.0
2001-11-14,0.03525712016921781,0.03525712016921781,0.0,0.0
2001-11-15,0.02842896024150712,0.02842896024150712,0.0,0.0
2001-11-16,-0.00844072330626929,-0.00844072330626929,0.0,0.0
2001-11-19,0.06311011973905774,0.06311011973905774,0.0,0.0
2001-11-20,-0.016495942417435967,-0.016495942417435967,0.0,0.0
2001-11-21,-0.018222777306860977,-0.018222777306860977,0.0,0.0
2001-11-22,-0.001884482634565717,-0.001884482634565717,0.0,0.0
2001-11-23,-0.011125313464553293,-0.011125313464553293,0.0,0.0
2001-11-26,0.02786430553008695,0.02786430553008695,0.0,0.0
2001-11-27,-0.038382703726514304,-0.038382703726514304,0.0,0.0
2001-11-28,-0.046757432439792954,-0.046757432439792954,0.0,0.0
2001-11-29,-0.030344624436311144,-0.030344624436311144,0.0,0.0
2001-11-30,0.050448201066445444,0.050448201066445444,0.0,0.0
2001-12-03,0.0058017059747839965,0.0058017059747839965,0.0,0.0
2001-12-03,0.0,-0.0004,0.2,20.0
2001-12-04,-0.021567847790070017,-0.021567847790070017,0.0,0.0
2001-12-05,0.04688527967218395,0.04688527967218395,0.0,0.0
2001-12-06,0.04953701802419955,0.04953701802419955,0.0,0.0
2001-12-07,0.0020986409412431487,0.0020986409412431487,0.0,0.0
2001-12-10,0.010726774686467927,0.010726774686467927,0.0,0.0
2001-12-11,-0.015886227685267918,-0.015886227685267918,0.0,0.0
2001-12-12,0.01722488105364501,0.01722488105364501,0.0,0.0
2001-12-13,-0.00789306368253737,-0.00789306368253737,0.0,0.0
2001-12-14,0.0045008852069591265,0.0045008852069591265,0.0,0.0
2001-12-17,0.0,0.0,0.0,0.0
2001-12-18,0.0,0.0,0.0,0.0
2001-12-19,-0.009802801173959572,-0.009802801173959572,0.0,0.0
2001-12-20,-0.010667729417729397,-0.010667729417729397,0.0,0.0
2001-12-21,0.002187226596675412,0.002187226596675412,0.0,0.0
2001-12-24,0.0019535315687498893,0.0019535315687498893,0.0,0.0
2001-12-25,0.016726983573741906,0.016726983573741906,0.0,0.0
2001-12-26,0.003422583741767639,0.003422583741767639,0.0,0.0
2001-12-27,0.014219523290783676,0.014219523290783676,0.0,0.0
2001-12-28,0.029684420130234906,0.029684420130234906,0.0,0.0
2001-12-31,0.0,0.0,0.0,0.0
2001-12-31,0.0,-0.002,1.0,20.0
2002-01-01,0.0,0.0,0.0,0.0
2002-01-01,0.0,-0.002,1.0,20.0
2002-01-02,0.032012357914342524,0.032012357914342524,0.0,0.0
2002-01-03,0.020191649692886587,0.020191649692886587,0.0,0.0
2002-01-04,0.0,0.0,0.0,0.0
2002-01-07,0.025028653331708266,0.025028653331708266,0.0,0.0
2002-01-08,0.0015773592155655762,0.0015773592155655762,0.0,0.0
2002-01-09,-0.061101586918400876,-0.061101586918400876,0.0,0.0
2002-01-10,-0.007873926843920551,-0.007873926843920551,0.0,0.0
2002-01-11,-0.009563516289229676,-0.009563516289229676,0.0,0.0
2002-01-14,0.017890925269440257,0.017890925269440257,0.0,0.0
2002-01-15,-0.026760906395839196,-0.026760906395839196,0.0,0.0
2002-01-16,-0.020441715500483786,-0.020441715500483786,0.0,0.0
2002-01-17,0.020386438603469833,0.020386438603469833,0.0,0.0
2002-01-18,0.005877901402410044,0.005877901402410044,0.0,0.0
2002-01-21,-0.02302625547161617,-0.02302625547161617,0.0,0.0
2002-01-22,0.003533745947539046,0.003533745947539046,0.0,0.0
2002-01-23,0.009500023353328611,0.009500023353328611,0.0,0.0
2002-01-24,0.008531174004511932,0.008531174004511932,0.0,0.0
2002-01-25,-0.0024712802152294967,-0.0024712802152294967,0.0,0.0
2002-01-28,-0.007758455274378849,-0.007758455274378849,0.0,0.0
2002-01-29,-0.00911093334881824,-0.00911093334881824,0.0,0.0
2002-01-30,-0.004105090311986869,-0.004105090311986869,0.0,0.0
2002-01-31,0.04174880968054867,0.04174880968054867,0.0,0.0
2002-02-01,0.004785112740066775,0.004785112740066775,0.0,0.0
2002-02-01,0.0,-0.0004,0.2,20.0
2002-02-04,-0.017445764356690555,-0.017445764356690555,0.0,0.0
2002-02-05,-0.02681395992746969,-0.02681395992746969,0.0,0.0
2002-02-06,-0.000976621697660786,-0.000976621697660786,0.0,0.0
2002-02-07,-0.04011832720815345,-0.04011832720815345,0.0,0.0
2002-02-08,-0.046553586873093314,-0.046553586873093314,0.0,0.0
2002-02-11,0.020907649467709982,0.020907649467709982,0.0,0.0
2002-02-12,0.00029947068556326634,0.00029947068556326634,0.0,0.0
2002-02-13,0.012763975000343345,0.012763975000343345,0.0,0.0
2002-02-14,0.0174371185744193,0.0174371185744193,0.0,0.0
2002-02-15,-0.008220822061775521,-0.008220822061775521,0.0,0.0
2002-02-18,-0.023366521155938826,-0.023366521155938826,0.0,0.0
2002-02-19,0.0006783467393677916,0.0006783467393677916,0.0,0.0
2002-02-20,-0.03577658759288592,-0.03577658759288592,0.0,0.0
2002-02-21,0.004691819977833234,0.004691819977833234,0.0,0.0
2002-02-22,0.0,0.0,0.0,0.0
2002-02-25,0.0,0.0,0.0,0.0
2002-02-26,-0.034497816570889794,-0.034497816570889794,0.0,0.0
2002-02-27,0.01012324714510906,0.01012324714510906,0.0,0.0
2002-02-28,-0.02145422996077553,-0.02145422996077553,0.0,0.0
2002-03-01,0.03953361567321294,0.03953361567321294,0.0,0.0
2002-03-01,0.0,-0.0004,0.2,20.0
2002-03-04,0.004791962660591198,0.004791962660591198,0.0,0.0
2002-03-05,-0.020938539757925867,-0.020938539757925867,0.0,0.0
2002-03-06,-6.931154495783999e-05,-6.931154495783999e-05,0.0,0.0
2002-03-07,0.007659735283212966,0.007659735283212966,0.0,0.0
2002-03-08,0.006688099134907621,0.006688099134907621,0.0,0.0
2002-03-11,-0.037387321116478064,-0.037387321116478064,0.0,0.0
2002-03-12,-0.047512070655856574,-0.047512070655856574,0.0,0.0
2002-03-13,-0.0348602926212262,-0.0348602926212262,0.0,0.0
2002-03-14,-0.005683453237410064,-0.005683453237410064,0.0,0.0
2002-03-15,0.01471575594145157,0.01471575594145157,0.0,0.0
2002-03-18,0.009489930806365865,0.009489930806365865,0.0,0.0
2002-03-19,0.0011312598268372167,0.0011312598268372167,0.0,0.0
2002-03-20,0.0016802576889441432,0.0016802576889441432,0.0,0.0
2002-03-21,0.05060544041031536,0.05060544041031536,0.0,0.0
2002-03-22,0.006735957526088232,0.006735957526088232,0.0,0.0
2002-03-25,0.013686863225979819,0.013686863225979819,0.0,0.0
2002-03-26,-0.01850013842781286,-0.01850013842781286,0.0,0.0
2002-03-27,0.015383946358844724,0.015383946358844724,0.0,0.0
2002-03-28,-0.009557346512929912,-0.009557346512929912,0.0,0.0
2002-03-29,-0.020135649791143996,-0.020135649791143996,0.0,0.0
2002-03-31,0.0,0.0,0.0,0.0
2002-03-31,0.0,-0.0018000000000000002,0.9,20.0
2002-04-01,-0.0027096818953126073,-0.0027096818953126073,0.0,0.0
2002-04-01,0.0,-0.002,1.0,20.0
2002-04-02,-0.0007397499157799081,-0.0007397499157799081,0.0,0.0
2002-04-03,-0.03593340230923374,-0.03593340230923374,0.0,0.0
2002-04-04,0.03253524182134625,0.03253524182134625,0.0,0.0
2002-04-05,0.011911614932879743,0.011911614932879743,0.0,0.0
2002-04-08,-0.0327210949541159,-0.0327210949541159,0.0,0.0
2002-04-09,0.025989410177300144,0.025989410177300144,0.0,0.0
2002-04-10,0.01840476715030579,0.01840476715030579,0.0,0.0
2002-04-11,0.025233797312973837,0.025233797312973837,0.0,0.0
2002-04-12,0.0011499355981543719,0.0011499355981543719,0.0,0.0
2002-04-15,0.026653999268907436,0.026653999268907436,0.0,0.0
2002-04-16,-0.022507524940574966,-0.022507524940574966,0.0,0.0
2002-04-17,-0.010834807157387827,-0.010834807157387827,0.0,0.0
2002-04-18,-0.00819066076042817,-0.00819066076042817,0.0,0.0
2002-04-19,0.0013175813690974756,0.0013175813690974756,0.0,0.0
2002-04-22,-0.009718054513628406,-0.009718054513628406,0.0,0.0
2002-04-23,0.0,0.0,0.0,0.0
2002-04-24,0.008748716639723174,0.008748716639723174,0.0,0.0
2002-04-25,0.008470051840405689,0.008470051840405689,0.0,0.0
2002-04-26,0.034225751412649295,0.034225751412649295,0.0,0.0
2002-04-29,-0.00999337090012611,-0.00999337090012611,0.0,0.0
2002-04-30,0.007624244427101734,0.007624244427101734,0.0,0.0
2002-05-01,-0.007984104046242758,-0.007984104046242758,0.0,0.0
2002-05-01,0.0,-0.0004,0.2,20.0
2002-05-02,-0.010866025558358906,-0.010866025558358906,0.0,0.0
2002-05-03,0.00593283402717727,0.00593283402717727,0.0,0.0
2002-05-06,-0.013727991764538362,-0.013727991764538362,0.0,0.0
2002-05-07,0.011205378329530958,0.011205378329530958,0.0,0.0
2002-05-08,0.020509419867267988,0.020509419867267988,0.0,0.0
2002-05-09,-0.008563651469920497,-0.008563651469920497,0.0,0.0
2002-05-10,-0.018456358271463878,-0.018456358271463878,0.0,0.0
2002-05-13,0.002426198374313093,0.002426198374313093,0.0,0.0
2002-05-14,-0.004266563414784618,-0.004266563414784618,0.0,0.0
2002-05-15,-0.002738532241780634,-0.002738532241780634,0.0,0.0
2002-05-16,-0.011344931523132675,-0.011344931523132675,0.0,0.0
2002-05-17,-0.04986292931177028,-0.04986292931177028,0.0,0.0
2002-05-20,0.015427831650237969,0.015427831650237969,0.0,0.0
2002-05-21,0.026975058744239444,0.026975058744239444,0.0,0.0
2002-05-22,-0.016025428799028074,-0.016025428799028074,0.0,0.0
2002-05-23,0.030950261589751383,0.030950261589751383,0.0,0.0
2002-05-24,0.005354267973019444,0.005354267973019444,0.0,0.0
2002-05-27,0.02342267133028001,0.02342267133028001,0.0,0.0
2002-05-28,-0.017641367133689023,-0.017641367133689023,0.0,0.0
2002-05-29,-0.006809293765815516,-0.006809293765815516,0.0,0.0
2002-05-30,-0.026643231037697137,-0.026643231037697137,0.0,0.0
2002-05-31,-0.008909841517670446,-0.008909841517670446,0.0,0.0
2002-06-03,-0.017598147831045817,-0.017598147831045817,0.0,0.0
2002-06-03,0.0,-0.0006,0.3,20.0
2002-06-04,0.10239125008198635,0.10239125008198635,0.0,0.0
2002-06-05,0.01524083694732552,0.01524083694732552,0.0,0.0
2002-06-06,0.0004320987654320874,0.0004320987654320874,0.0,0.0
2002-06-07,-0.056448882959584654,-0.056448882959584654,0.0,0.0
2002-06-10,-0.013947769405964785,-0.013947769405964785,0.0,0.0
2002-06-11,-0.00710204081632654,-0.00710204081632654,0.0,0.0
2002-06-12,0.010939293743865331,0.010939293743865331,0.0,0.0
2002-06-13,0.029173964593219262,0.029173964593219262,0.0,0.0
2002-06-14,-0.02686985847553514,-0.02686985847553514,0.0,0.0
2002-06-17,-0.007939871070184056,-0.007939871070184056,0.0,0.0
2002-06-18,0.031877245667561005,0.031877245667561005,0.0,0.0
2002-06-19,-0.020237405494342678,-0.020237405494342678,0.0,0.0
2002-06-20,-0.012155930973726504,-0.012155930973726504,0.0,0.0
2002-06-21,0.01359700679756999,0.01359700679756999,0.0,0.0
2002-06-24,-0.002520275937172023,-0.002520275937172023,0.0,0.0
2002-06-25,0.009245663652608527,0.009245663652608527,0.0,0.0
2002-06-26,-0.034547254491390546,-0.034547254491390546,0.0,0.0
2002-06-27,0.018163538436711126,0.018163538436711126,0.0,0.0
2002-06-28,0.022802242768226857,0.022802242768226857,0.0,0.0
2002-06-30,0.0,0.0,0.0,0.0
2002-06-30,0.0,-0.0018000000000000004,0.9000000000000001,20.0
2002-07-01,0.02116341541924755,0.02116341541924755,0.0,0.0
2002-07-01,0.0,-0.0020000000000000005,1.0000000000000002,20.0
2002-07-02,-0.006471856020515954,-0.006471856020515954,0.0,0.0
2002-07-03,-0.006471428343285557,-0.006471428343285557,0.0,0.0
2002-07-04,0.008947329062888842,0.008947329062888842,0.0,0.0
2002-07-05,0.01727741816052758,0.01727741816052758,0.0,0.0
2002-07-08,-0.03471402292386393,-0.03471402292386393,0.0,0.0
2002-07-09,-0.00985138804362853,-0.00985138804362853,0.0,0.0
2002-07-10,0.029689059049110702,0.029689059049110702,0.0,0.0
2002-07-11,-0.007294920514753622,-0.007294920514753622,0.0,0.0
2002-07-12,0.03319564904003276,0.03319564904003276,0.0,0.0
2002-07-15,-0.012014517742738828,-0.012014517742738828,0.0,0.0
2002-07-16,0.0028733867758257816,0.0028733867758257816,0.0,0.0
2002-07-17,0.055315452933425484,0.055315452933425484,0.0,0.0
2002-07-18,0.008618343558746012,0.008618343558746012,0.0,0.0
2002-07-19,-0.003992790404319758,-0.003992790404319758,0.0,0.0
2002-07-22,-0.009500853301272382,-0.009500853301272382,0.0,0.0
2002-07-23,0.10220544258373208,0.10220544258373208,0.0,0.0
2002-07-24,-0.07648560658956947,-0.07648560658956947,0.0,0.0
2002-07-25,0.018074583174443718,0.018074583174443718,0.0,0.0
2002-07-26,0.03051221831579807,0.03051221831579807,0.0,0.0
2002-07-29,0.11356202351197059,0.11356202351197059,0.0,0.0
2002-07-30,0.01926446428952238,0.01926446428952238,0.0,0.0
2002-07-31,0.011791359198330034,0.011791359198330034,0.0,0.0
2002-08-01,0.007617028349498321,0.007617028349498321,0.0,0.0
2002-08-01,0.0,-0.0004,0.2,20.0
2002-08-02,0.006137863842203828,0.006137863842203828,0.0,0.0
2002-08-05,0.004074116640488335,0.004074116640488335,0.0,0.0
2002-08-06,0.015951825372679473,0.015951825372679473,0.0,0.0
2002-08-07,-6.798294539112158e-05,-6.798294539112158e-05,0.0,0.0
2002-08-08,0.007872495487554178,0.007872495487554178,0.0,0.0
2002-08-09,-0.009836025117747237,-0.009836025117747237,0.0,0.0
2002-08-12,-0.01214196586920565,-0.01214196586920565,0.0,0.0
2002-08-13,-0.002705627705627711,-0.002705627705627711,0.0,0.0
2002-08-14,0.01844718966521173,0.01844718966521173,0.0,0.0
2002-08-15,-0.02348340839919346,-0.02348340839919346,0.0,0.0
2002-08-16,0.022924026810831187,0.022924026810831187,0.0,0.0
2002-08-19,-0.00703619836227114,-0.00703619836227114,0.0,0.0
2002-08-20,-0.00014194853537760057,-0.00014194853537760057,0.0,0.0
2002-08-21,-0.0033237354757104653,-0.0033237354757104653,0.0,0.0
2002-08-22,0.0011481534191987615,0.0011481534191987615,0.0,0.0
2002-08-23,-0.00022435897435897374,-0.00022435897435897374,0.0,0.0
2002-08-26,0.0008941941556496857,0.0008941941556496857,0.0,0.0
2002-08-27,-0.043537055490816094,-0.043537055490816094,0.0,0.0
2002-08-28,0.09815379835445302,0.09815379835445302,0.0,0.0
2002-08-29,0.004541132020543626,0.004541132020543626,0.0,0.0
2002-08-30,0.0,0.0,0.0,0.0
2002-08-30,0.0,-0.0016000000000000003,0.8000000000000002,20.0
2002-08-31,0.0,-0.0020000000000000005,1.0000000000000002,20.0
2002-08-31,0.0,0.0,0.0,0.0
2002-09-02,0.004312580504545061,0.004312580504545061,0.0,0.0
2002-09-03,-0.004786019078773963,-0.004786019078773963,0.0,0.0
2002-09-04,0.009328313574888503,0.009328313574888503,0.0,0.0
2002-09-05,0.009744180583966068,0.009744180583966068,0.0,0.0
2002-09-06,0.02018892551025251,0.02018892551025251,0.0,0.0
2002-09-09,-0.021583650220111862,-0.021583650220111862,0.0,0.0
2002-09-10,-0.03852254656587177,-0.03852254656587177,0.0,0.0
2002-09-11,0.019634265627471503,0.019634265627471503,0.0,0.0
2002-09-12,0.002195026742461881,0.002195026742461881,0.0,0.0
2002-09-13,0.011259877093896677,0.011259877093896677,0.0,0.0
2002-09-16,-0.02776801213721223,-0.02776801213721223,0.0,0.0
2002-09-17,0.004332957738168141,0.004332957738168141,0.0,0.0
2002-09-18,0.010505740688493515,0.010505740688493515,0.0,0.0
2002-09-19,0.013073937014803439,0.013073937014803439,0.0,0.0
2002-09-20,0.02581775711047396,0.02581775711047396,0.0,0.0
2002-09-23,-0.0004474828973495934,-0.0004474828973495934,0.0,0.0
2002-09-24,-0.019571177922021323,-0.019571177922021323,0.0,0.0
2002-09-25,-0.0005817592631087833,-0.0005817592631087833,0.0,0.0
2002-09-26,-0.015719994898358083,-0.015719994898358083,0.0,0.0
2002-09-27,-0.009268462150416112,-0.009268462150416112,0.0,0.0
2002-09-30,-0.0009813497279938521,-0.0009813497279938521,0.0,0.0
2002-10-01,0.025892162372658612,0.025892162372658612,0.0,0.0
2002-10-01,0.0,-0.0007999999999999999,0.39999999999999997,20.0
2002-10-02,-0.004698536387569197,-0.004698536387569197,0.0,0.0
2002-10-03,-0.007800757213905075,-0.007800757213905075,0.0,0.0
2002-10-04,0.004439024390243884,0.004439024390243884,0.0,0.0
2002-10-07,-0.008197254650690922,-0.008197254650690922,0.0,0.0
2002-10-08,-2.206787975545313e-06,-2.206787975545313e-06,0.0,0.0
2002-10-09,0.014509258830563112,0.014509258830563112,0.0,0.0
2002-10-10,0.01704571299436133,0.01704571299436133,0.0,0.0
2002-10-11,-0.005497908775819305,-0.005497908775819305,0.0,0.0
2002-10-14,-0.019407202607072727,-0.019407202607072727,0.0,0.0
2002-10-15,0.012983575048051744,0.012983575048051744,0.0,0.0
2002-10-16,0.0018747760357104015,0.0018747760357104015,0.0,0.0
2002-10-17,0.020905834184191053,0.020905834184191053,0.0,0.0
2002-10-18,0.006190848644693415,0.006190848644693415,0.0,0.0
2002-10-21,0.02890781250982099,0.02890781250982099,0.0,0.0
2002-10-22,0.003207763967481259,0.003207763967481259,0.0,0.0
2002-10-23,-0.011922809842741865,-0.011922809842741865,0.0,0.0
2002-10-24,0.029919184600780604,0.029919184600780604,0.0,0.0
2002-10-25,-0.0033296159836616046,-0.0033296159836616046,0.0,0.0
2002-10-28,0.020839870265833296,0.020839870265833296,0.0,0.0
2002-10-29,0.0,0.0,0.0,0.0
2002-10-30,-0.0030310171517463395,-0.0030310171517463395,0.0,0.0
2002-10-31,-0.03537650924085413,-0.03537650924085413,0.0,0.0
2002-11-01,0.0,-0.0009999999999999998,0.49999999999999994,20.0
2002-11-01,-0.010239232715646708,-0.010239232715646708,0.0,0.0
2002-11-04,0.0341263005644041,0.0341263005644041,0.0,0.0
2002-11-05,0.0659141998931756,0.0659141998931756,0.0,0.0
2002-11-06,0.0146026775096905,0.0146026775096905,0.0,0.0
2002-11-07,0.08916354804129831,0.08916354804129831,0.0,0.0
2002-11-08,-0.02002960396485065,-0.02002960396485065,0.0,0.0
2002-11-11,-0.013852883776176375,-0.013852883776176375,0.0,0.0
2002-11-12,-0.05197449487521402,-0.05197449487521402,0.0,0.0
2002-11-13,0.013670605360657888,0.013670605360657888,0.0,0.0
2002-11-14,0.04001677011948345,0.04001677011948345,0.0,0.0
2002-11-15,0.05922366705635787,0.05922366705635787,0.0,0.0
2002-11-18,0.050196673541821835,0.050196673541821835,0.0,0.0
2002-11-19,-0.013152893019951716,-0.013152893019951716,0.0,0.0
2002-11-20,-0.014977647810728556,-0.014977647810728556,0.0,0.0
2002-11-21,0.02089686715850382,0.02089686715850382,0.0,0.0
2002-11-22,-0.03557752366054394,-0.03557752366054394,0.0,0.0
2002-11-25,-0.035304126533025226,-0.035304126533025226,0.0,0.0
2002-11-26,-0.00444501825302205,-0.00444501825302205,0.0,0.0
2002-11-27,0.017114648063206103,0.017114648063206103,0.0,0.0
2002-11-28,-0.003720954282043676,-0.003720954282043676,0.0,0.0
2002-11-29,0.019192064888400265,0.019192064888400265,0.0,0.0
2002-11-30,0.0,0.0,0.0,0.0
2002-11-30,0.0,-0.0006,0.3,20.0
2002-12-02,0.005505732758656956,0.005505732758656956,0.0,0.0
2002-12-03,-0.010148670157764828,-0.010148670157764828,0.0,0.0
2002-12-04,0.005275949484041998,0.005275949484041998,0.0,0.0
2002-12-05,0.0,0.0,0.0,0.0
2002-12-06,0.0,0.0,0.0,0.0
2002-12-09,-0.07559455486504002,-0.07559455486504002,0.0,0.0
2002-12-10,0.07690445628716394,0.07690445628716394,0.0,0.0
2002-12-11,-0.05147389585512774,-0.05147389585512774,0.0,0.0
2002-12-12,0.07033310843592624,0.07033310843592624,0.0,0.0
2002-12-13,0.003196137865209558,0.003196137865209558,0.0,0.0
2002-12-16,-0.07998580362593989,-0.07998580362593989,0.0,0.0
2002-12-17,-0.0646959776044678,-0.0646959776044678,0.0,0.0
2002-12-18,0.0028792229622306544,0.0028792229622306544,0.0,0.0
2002-12-19,-0.03478503868893149,-0.03478503868893149,0.0,0.0
2002-12-20,0.004450011382870867,0.004450011382870867,0.0,0.0
2002-12-23,-0.055036109347801544,-0.055036109347801544,0.0,0.0
2002-12-24,-0.021799875730410156,-0.021799875730410156,0.0,0.0
2002-12-25,0.03363652908012815,0.03363652908012815,0.0,0.0
2002-12-26,-0.038730511970362126,-0.038730511970362126,0.0,0.0
2002-12-27,0.006165494821337469,0.006165494821337469,0.0,0.0
2002-12-30,-0.014326358995695844,-0.014326358995695844,0.0,0.0
2002-12-31,0.021314755845127153,0.021314755845127153,0.0,0.0
2003-01-01,0.0,-0.0007999999999999999,0.39999999999999997,20.0
2003-01-01,0.0,0.0,0.0,0.0
2003-01-02,0.016408513362799193,0.016408513362799193,0.0,0.0
2003-01-03,0.02887564671135317,0.02887564671135317,0.0,0.0
2003-01-06,-0.029237389508199756,-0.029237389508199756,0.0,0.0
2003-01-07,-0.07513478538884097,-0.07513478538884097,0.0,0.0
2003-01-08,0.06421794534384109,0.06421794534384109,0.0,0.0
2003-01-09,-3.173366526018021e-05,-3.173366526018021e-05,0.0,0.0
2003-01-10,0.004978878072829574,0.004978878072829574,0.0,0.0
2003-01-13,0.010058804620581964,0.010058804620581964,0.0,0.0
2003-01-14,-0.017293505962745613,-0.017293505962745613,0.0,0.0
2003-01-15,0.009736572948842902,0.009736572948842902,0.0,0.0
2003-01-16,0.014998910746978178,0.014998910746978178,0.0,0.0
2003-01-17,-0.0117269801547628,-0.0117269801547628,0.0,0.0
2003-01-20,0.020653755455418067,0.020653755455418067,0.0,0.0
2003-01-21,-0.007422871919909002,-0.007422871919909002,0.0,0.0
2003-01-22,0.004529100913657825,0.004529100913657825,0.0,0.0
2003-01-23,0.02351018084959228,0.02351018084959228,0.0,0.0
2003-01-24,-0.005459224818669039,-0.005459224818669039,0.0,0.0
2003-01-27,0.013128940126421917,0.013128940126421917,0.0,0.0
2003-01-28,-0.001211435773647751,-0.001211435773647751,0.0,0.0
2003-01-29,-0.006629135649465035,-0.006629135649465035,0.0,0.0
2003-01-30,0.011145045366904438,0.011145045366904438,0.0,0.0
2003-01-31,0.017796532800693467,0.017796532800693467,0.0,0.0
2003-02-03,-0.0030939354320535517,-0.0030939354320535517,0.0,0.0
2003-02-03,0.0,-0.0004,0.2,20.0
2003-02-04,-0.02918439461741643,-0.02918439461741643,0.0,0.0
2003-02-05,0.003862380156609756,0.003862380156609756,0.0,0.0
2003-02-06,0.020363822075923885,0.020363822075923885,0.0,0.0
2003-02-07,0.020118867478234242,0.020118867478234242,0.0,0.0
2003-02-10,0.0,0.0,0.0,0.0
2003-02-11,0.0,0.0,0.0,0.0
2003-02-12,0.0,0.0,0.0,0.0
2003-02-13,0.0,0.0,0.0,0.0
2003-02-14,0.0,0.0,0.0,0.0
2003-02-17,0.007475533174724823,0.007475533174724823,0.0,0.0
2003-02-18,0.01369739215974673,0.01369739215974673,0.0,0.0
2003-02-19,-0.005430003186371954,-0.005430003186371954,0.0,0.0
2003-02-20,0.013165714235229851,0.013165714235229851,0.0,0.0
2003-02-21,-0.0045684119834824115,-0.0045684119834824115,0.0,0.0
2003-02-24,-0.010935628713768228,-0.010935628713768228,0.0,0.0
2003-02-25,-0.004960835533721818,-0.004960835533721818,0.0,0.0
2003-02-26,-0.004909589265259361,-0.004909589265259361,0.0,0.0
2003-02-27,0.007484921034617907,0.007484921034617907,0.0,0.0
2003-02-28,0.007711892745869962,0.007711892745869962,0.0,0.0
2003-03-03,-0.11723572161053707,-0.11723572161053707,0.0,0.0
2003-03-03,0.0,-0.0004,0.2,20.0
2003-03-04,0.054854411510894374,0.054854411510894374,0.0,0.0
2003-03-05,0.003787175430103028,0.003787175430103028,0.0,0.0
2003-03-06,0.01648893890592041,0.01648893890592041,0.0,0.0
2003-03-07,0.009451201715813439,0.009451201715813439,0.0,0.0
2003-03-10,-0.009468835945849472,-0.009468835945849472,0.0,0.0
2003-03-11,-0.005305031504408751,-0.005305031504408751,0.0,0.0
2003-03-12,-0.004981376703620631,-0.004981376703620631,0.0,0.0
2003-03-13,0.010938087156067876,0.010938087156067876,0.0,0.0
2003-03-14,-0.00546207549640044,-0.00546207549640044,0.0,0.0
2003-03-17,-0.10481580433439451,-0.10481580433439451,0.0,0.0
2003-03-18,0.09719358914322934,0.09719358914322934,0.0,0.0
2003-03-19,-0.07732323256253298,-0.07732323256253298,0.0,0.0
2003-03-20,-0.029084520982312404,-0.029084520982312404,0.0,0.0
2003-03-21,-0.03086969016205828,-0.03086969016205828,0.0,0.0
2003-03-24,-0.05875766989869152,-0.05875766989869152,0.0,0.0
2003-03-25,0.023473818879206704,0.023473818879206704,0.0,0.0
2003-03-26,0.027819971211553832,0.027819971211553832,0.0,0.0
2003-03-27,0.022551197793188642,0.022551197793188642,0.0,0.0
2003-03-28,0.01113365054649776,0.01113365054649776,0.0,0.0
2003-03-31,-0.004272423053750872,-0.004272423053750872,0.0,0.0
2003-04-01,0.03257436952518164,0.03257436952518164,0.0,0.0
2003-04-01,0.0,-0.0009999999999999998,0.49999999999999994,20.0
2003-04-02,0.01584834024444347,0.01584834024444347,0.0,0.0
2003-04-03,0.04911816843721824,0.04911816843721824,0.0,0.0
2003-04-04,0.00785486537291461,0.00785486537291461,0.0,0.0
2003-04-07,0.040050671901779133,0.040050671901779133,0.0,0.0
2003-04-08,-0.0028982757464853233,-0.0028982757464853233,0.0,0.0
2003-04-09,0.030765841529227168,0.030765841529227168,0.0,0.0
2003-04-10,-0.025213517820091614,-0.025213517820091614,0.0,0.0
2003-04-11,0.02988797034692604,0.02988797034692604,0.0,0.0
2003-04-14,0.04991871698656952,0.04991871698656952,0.0,0.0
2003-04-15,-0.011030711732140874,-0.011030711732140874,0.0,0.0
2003-04-16,0.02315331155541271,0.02315331155541271,0.0,0.0
2003-04-17,-0.015993719466975163,-0.015993719466975163,0.0,0.0
2003-04-18,0.0222879887252692,0.0222879887252692,0.0,0.0
2003-04-21,0.03252712457323472,0.03252712457323472,0.0,0.0
2003-04-22,-0.007739306898923847,-0.007739306898923847,0.0,0.0
2003-04-23,0.0,0.0,0.0,0.0
2003-04-24,-0.021269312383210774,-0.021269312383210774,0.0,0.0
2003-04-25,0.013768343822353103,0.013768343822353103,0.0,0.0
2003-04-28,-0.010315602966885896,-0.010315602966885896,0.0,0.0
2003-04-29,0.007624873339351157,0.007624873339351157,0.0,0.0
2003-04-30,0.005770572562457066,0.005770572562457066,0.0,0.0
2003-05-01,0.009451993578143058,0.009451993578143058,0.0,0.0
2003-05-01,0.0,-0.0006,0.3,20.0
2003-05-02,-0.012519129392417805,-0.012519129392417805,0.0,0.0
2003-05-05,-0.013009970538562031,-0.013009970538562031,0.0,0.0
2003-05-06,-0.008767799905953756,-0.008767799905953756,0.0,0.0
2003-05-07,-0.021645478277806694,-0.021645478277806694,0.0,0.0
2003-05-08,0.011435291670829052,0.011435291670829052,0.0,0.0
2003-05-09,-0.01274643765547424,-0.01274643765547424,0.0,0.0
2003-05-12,0.0022180739859809727,0.0022180739859809727,0.0,0.0
2003-05-13,-0.02352353497322964,-0.02352353497322964,0.0,0.0
2003-05-14,-0.028770203850346676,-0.028770203850346676,0.0,0.0
2003-05-15,0.006294197957446656,0.006294197957446656,0.0,0.0
2003-05-16,0.014088695453380607,0.014088695453380607,0.0,0.0
2003-05-19,0.0,0.0,0.0,0.0
2003-05-20,0.008617411473739667,0.008617411473739667,0.0,0.0
2003-05-21,-0.008251694018696644,-0.008251694018696644,0.0,0.0
2003-05-22,0.0155377571955434,0.0155377571955434,0.0,0.0
2003-05-23,0.0169380713841372,0.0169380713841372,0.0,0.0
2003-05-26,0.011971026739665824,0.011971026739665824,0.0,0.0
2003-05-27,0.004888769816503902,0.004888769816503902,0.0,0.0
2003-05-28,0.016689703603925545,0.016689703603925545,0.0,0.0
2003-05-29,-0.009539026365150917,-0.009539026365150917,0.0,0.0
2003-05-30,-0.0035791740697509343,-0.0035791740697509343,0.0,0.0
2003-05-31,0.0,0.0,0.0,0.0
2003-05-31,0.0,-0.0006,0.3,20.0
2003-06-02,0.007734369589149982,0.007734369589149982,0.0,0.0
2003-06-03,-0.015498417732423487,-0.015498417732423487,0.0,0.0
2003-06-04,-0.02207042064935685,-0.02207042064935685,0.0,0.0
2003-06-05,0.006647985361930975,0.006647985361930975,0.0,0.0
2003-06-06,-0.0046520664625491984,-0.0046520664625491984,0.0,0.0
2003-06-09,-0.018141051740526784,-0.018141051740526784,0.0,0.0
2003-06-10,-0.008724331969989493,-0.008724331969989493,0.0,0.0
2003-06-11,-0.017789188745314023,-0.017789188745314023,0.0,0.0
2003-06-12,-0.001515062103562614,-0.001515062103562614,0.0,0.0
2003-06-13,0.024125289934752468,0.024125289934752468,0.0,0.0
2003-06-16,0.019777592141102175,0.019777592141102175,0.0,0.0
2003-06-17,0.0024202443935002925,0.0024202443935002925,0.0,0.0
2003-06-18,-0.010745718186494481,-0.010745718186494481,0.0,0.0
2003-06-19,-0.01760086711051947,-0.01760086711051947,0.0,0.0
2003-06-20,-0.005634701185566771,-0.005634701185566771,0.0,0.0
2003-06-23,-0.0005337477434116057,-0.0005337477434116057,0.0,0.0
2003-06-24,-0.011499728385656561,-0.011499728385656561,0.0,0.0
2003-06-25,0.005193774090832893,0.005193774090832893,0.0,0.0
2003-06-26,0.002863153443764077,0.002863153443764077,0.0,0.0
2003-06-27,-0.0005900480957628185,-0.0005900480957628185,0.0,0.0
2003-06-30,-0.010693661748418815,-0.010693661748418815,0.0,0.0
2003-07-01,-0.018528614553837107,-0.018528614553837107,0.0,0.0
2003-07-01,0.0,-0.001,0.5,20.0
2003-07-02,-0.0047333490881877995,-0.0047333490881877995,0.0,0.0
2003-07-03,0.008339854232928625,0.008339854232928625,0.0,0.0
2003-07-04,-0.010321960241594853,-0.010321960241594853,0.0,0.0
2003-07-07,-0.010426050362601247,-0.010426050362601247,0.0,0.0
2003-07-08,0.011094461142121094,0.011094461142121094,0.0,0.0
2003-07-09,-0.019467689128706056,-0.019467689128706056,0.0,0.0
2003-07-10,0.0016184102229676587,0.0016184102229676587,0.0,0.0
2003-07-11,0.013384054913140698,0.013384054913140698,0.0,0.0
2003-07-14,0.007170939557556289,0.007170939557556289,0.0,0.0
2003-07-15,0.019207806449837286,0.019207806449837286,0.0,0.0
2003-07-16,-0.013762878920418843,-0.013762878920418843,0.0,0.0
2003-07-17,-0.0005546816209064054,-0.0005546816209064054,0.0,0.0
2003-07-18,0.0017971368632651924,0.0017971368632651924,0.0,0.0
2003-07-21,0.002466302619755312,0.002466302619755312,0.0,0.0
2003-07-22,-0.02064945055693173,-0.02064945055693173,0.0,0.0
2003-07-23,0.002394175567550183,0.002394175567550183,0.0,0.0
2003-07-24,-0.00458919898146557,-0.00458919898146557,0.0,0.0
2003-07-25,0.006912203312771704,0.006912203312771704,0.0,0.0
2003-07-28,-0.001689762241751958,-0.001689762241751958,0.0,0.0
2003-07-29,-0.002085090939940526,-0.002085090939940526,0.0,0.0
2003-07-30,-0.00825071067514025,-0.00825071067514025,0.0,0.0
2003-07-31,0.01368778323804425,0.01368778323804425,0.0,0.0
2003-08-01,0.0007918251339304018,0.0007918251339304018,0.0,0.0
2003-08-01,0.0,-0.0004,0.2,20.0
2003-08-04,0.031449237737269334,0.031449237737269334,0.0,0.0
2003-08-05,0.012861828239494555,0.012861828239494555,0.0,0.0
2003-08-06,-0.014555252068903913,-0.014555252068903913,0.0,0.0
2003-08-07,0.012813740091899607,0.012813740091899607,0.0,0.0
2003-08-08,0.006070311437508503,0.006070311437508503,0.0,0.0
2003-08-11,0.019305087541412937,0.019305087541412937,0.0,0.0
2003-08-12,0.016563428176412445,0.016563428176412445,0.0,0.0
2003-08-13,-0.0016520014801573498,-0.0016520014801573498,0.0,0.0
2003-08-14,-0.004440039972725951,-0.004440039972725951,0.0,0.0
2003-08-15,0.01810333624435988,0.01810333624435988,0.0,0.0
2003-08-18,-0.005641892838265274,-0.005641892838265274,0.0,0.0
2003-08-19,0.007285761133269388,0.007285761133269388,0.0,0.0
2003-08-20,-0.00306821025204187,-0.00306821025204187,0.0,0.0
2003-08-21,0.014462739213983002,0.014462739213983002,0.0,0.0
2003-08-22,0.011181433028689059,0.011181433028689059,0.0,0.0
2003-08-25,-0.01472167655974024,-0.01472167655974024,0.0,0.0
2003-08-26,-0.0013767886808436216,-0.0013767886808436216,0.0,0.0
2003-08-27,-0.007508082169597153,-0.007508082169597153,0.0,0.0
2003-08-28,0.061260039409756314,0.061260039409756314,0.0,0.0
2003-08-29,0.02361834733551794,0.02361834733551794,0.0,0.0
2003-08-31,0.0,0.0,0.0,0.0
2003-08-31,0.0,-0.0006,0.3,20.0
2003-09-01,0.00149633795583497,0.00149633795583497,0.0,0.0
2003-09-02,0.005725433986303552,0.005725433986303552,0.0,0.0
2003-09-03,0.002849577154255712,0.002849577154255712,0.0,0.0
2003-09-04,-0.0020408163265306146,-0.0020408163265306146,0.0,0.0
2003-09-05,-0.007754371107495117,-0.007754371107495117,0.0,0.0
2003-09-08,-0.008235142404692553,-0.008235142404692553,0.0,0.0
2003-09-09,0.012163266295830068,0.012163266295830068,0.0,0.0
2003-09-10,0.01907137130238735,0.01907137130238735,0.0,0.0
2003-09-11,0.013486342947026244,0.013486342947026244,0.0,0.0
2003-09-12,0.00900592165131995,0.00900592165131995,0.0,0.0
2003-09-15,0.0026060709540547066,0.0026060709540547066,0.0,0.0
2003-09-16,0.00902171224799796,0.00902171224799796,0.0,0.0
2003-09-17,-0.006599039235027016,-0.006599039235027016,0.0,0.0
2003-09-18,0.02773116268156808,0.02773116268156808,0.0,0.0
2003-09-19,0.00806273264986106,0.00806273264986106,0.0,0.0
2003-09-22,0.010862539992151166,0.010862539992151166,0.0,0.0
2003-09-23,0.022816788838996828,0.022816788838996828,0.0,0.0
2003-09-24,0.00822610823528669,0.00822610823528669,0.0,0.0
2003-09-25,0.0008982582452639947,0.0008982582452639947,0.0,0.0
2003-09-26,-0.012367794289934586,-0.012367794289934586,0.0,0.0
2003-09-29,-0.06559900643131189,-0.06559900643131189,0.0,0.0
2003-09-30,-0.02153371506814246,-0.02153371506814246,0.0,0.0
2003-10-01,0.08391408210376247,0.08391408210376247,0.0,0.0
2003-10-01,0.0,-0.0007999999999999999,0.39999999999999997,20.0
2003-10-02,0.022865280380038967,0.022865280380038967,0.0,0.0
2003-10-03,0.027941036352320717,0.027941036352320717,0.0,0.0
2003-10-06,0.08043595384996138,0.08043595384996138,0.0,0.0
2003-10-07,-0.021934142331023546,-0.021934142331023546,0.0,0.0
2003-10-08,-0.01339653940598381,-0.01339653940598381,0.0,0.0
2003-10-09,-0.01036939817886835,-0.01036939817886835,0.0,0.0
2003-10-10,0.03336305216956276,0.03336305216956276,0.0,0.0
2003-10-13,0.028532385132392063,0.028532385132392063,0.0,0.0
2003-10-14,-0.0377331376337712,-0.0377331376337712,0.0,0.0
2003-10-15,0.010353607421398315,0.010353607421398315,0.0,0.0
2003-10-16,0.01814578925753161,0.01814578925753161,0.0,0.0
2003-10-17,-0.006988598428877813,-0.006988598428877813,0.0,0.0
2003-10-20,-0.0028113864252193757,-0.0028113864252193757,0.0,0.0
2003-10-21,0.01915895124901814,0.01915895124901814,0.0,0.0
2003-10-22,-0.006244694479572277,-0.006244694479572277,0.0,0.0
2003-10-23,-0.026314512406656367,-0.026314512406656367,0.0,0.0
2003-10-24,0.0001087737630704355,0.0001087737630704355,0.0,0.0
2003-10-27,-0.021873274507403673,-0.021873274507403673,0.0,0.0
2003-10-28,0.012349864676008437,0.012349864676008437,0.0,0.0
2003-10-29,0.0,0.0,0.0,0.0
2003-10-30,0.027249859991644965,0.027249859991644965,0.0,0.0
2003-10-31,0.02015703769327857,0.02015703769327857,0.0,0.0
2003-11-03,0.0,-0.0006,0.3,20.0
2003-11-03,0.02355142339785484,0.02355142339785484,0.0,0.0
2003-11-04,0.008976574792699274,0.008976574792699274,0.0,0.0
2003-11-05,0.01892994501818453,0.01892994501818453,0.0,0.0
2003-11-06,-0.04764878481060609,-0.04764878481060609,0.0,0.0
2003-11-07,0.017374078405102827,0.017374078405102827,0.0,0.0
2003-11-10,-0.003986973348099852,-0.003986973348099852,0.0,0.0
2003-11-11,-0.011861065492306743,-0.011861065492306743,0.0,0.0
2003-11-12,0.026992613039517756,0.026992613039517756,0.0,0.0
2003-11-13,0.016121179681985304,0.016121179681985304,0.0,0.0
2003-11-14,0.007595619979945921,0.007595619979945921,0.0,0.0
2003-11-17,-0.013312818082570076,-0.013312818082570076,0.0,0.0
2003-11-18,0.012731544864638008,0.012731544864638008,0.0,0.0
2003-11-19,0.010119332596264028,0.010119332596264028,0.0,0.0
2003-11-20,-0.06689993020880626,-0.06689993020880626,0.0,0.0
2003-11-21,0.0,-0.0016000000000000003,0.8000000000000002,20.0
2003-11-21,0.0,0.0,0.0,0.0
2003-11-24,0.0,0.0,0.0,0.0
2003-11-25,0.0,0.0,0.0,0.0
2003-11-26,0.0,0.0,0.0,0.0
2003-11-27,0.0,0.0,0.0,0.0
2003-11-28,0.0,0.0,0.0,0.0
2003-11-30,0.0,0.0,0.0,0.0
2003-11-30,0.0,-0.0020000000000000005,1.0000000000000002,20.0
2003-12-01,0.06605306581572062,0.06605306581572062,0.0,0.0
2003-12-02,0.022508896326176343,0.022508896326176343,0.0,0.0
2003-12-03,-0.0015128713551422648,-0.0015128713551422648,0.0,0.0
2003-12-04,0.009971738668821329,0.009971738668821329,0.0,0.0
2003-12-05,0.0011428881665427547,0.0011428881665427547,0.0,0.0
2003-12-08,0.025523227115963852,0.025523227115963852,0.0,0.0
2003-12-09,-0.01846414482848715,-0.01846414482848715,0.0,0.0
2003-12-10,-0.008015288449611357,-0.008015288449611357,0.0,0.0
2003-12-11,-0.0019613702255161236,-0.0019613702255161236,0.0,0.0
2003-12-12,0.003704539388419437,0.003704539388419437,0.0,0.0
2003-12-15,0.01965037569963459,0.01965037569963459,0.0,0.0
2003-12-16,-0.005458510806429306,-0.005458510806429306,0.0,0.0
2003-12-17,0.004663008418845049,0.004663008418845049,0.0,0.0
2003-12-18,0.013726008011773629,0.013726008011773629,0.0,0.0
2003-12-19,0.02743753588788471,0.02743753588788471,0.0,0.0
2003-12-22,0.015705110759688615,0.015705110759688615,0.0,0.0
2003-12-23,0.018848305911134844,0.018848305911134844,0.0,0.0
2003-12-24,-0.006731095258302799,-0.006731095258302799,0.0,0.0
2003-12-25,-0.02721733354861221,-0.02721733354861221,0.0,0.0
2003-12-26,0.01698557512993202,0.01698557512993202,0.0,0.0
2003-12-29,0.010320542718975569,0.010320542718975569,0.0,0.0
2003-12-30,0.003367728630285883,0.003367728630285883,0.0,0.0
2003-12-31,0.011581938274078519,0.011581938274078519,0.0,0.0
2004-01-01,0.0,0.0,0.0,0.0
2004-01-01,0.0,-0.0007999999999999999,0.39999999999999997,20.0
2004-01-02,0.022759774452009916,0.022759774452009916,0.0,0.0
2004-01-05,0.021343809828471137,0.021343809828471137,0.0,0.0
2004-01-06,-0.0292162281571128,-0.0292162281571128,0.0,0.0
2004-01-07,0.01588002800466499,0.01588002800466499,0.0,0.0
2004-01-08,0.011274208124824159,0.011274208124824159,0.0,0.0
2004-01-09,0.01577495500144658,0.01577495500144658,0.0,0.0
2004-01-12,-0.012172343903020234,-0.012172343903020234,0.0,0.0
2004-01-13,0.003768972220445299,0.003768972220445299,0.0,0.0
2004-01-14,-0.022464184842104364,-0.022464184842104364,0.0,0.0
2004-01-15,0.012406394552134326,0.012406394552134326,0.0,0.0
2004-01-16,-0.030464406449198848,-0.030464406449198848,0.0,0.0
2004-01-19,-0.030238934025443077,-0.030238934025443077,0.0,0.0
2004-01-20,0.0534706024508842,0.0534706024508842,0.0,0.0
2004-01-21,0.0157981334965027,0.0157981334965027,0.0,0.0
2004-01-22,-0.008464566224485492,-0.008464566224485492,0.0,0.0
2004-01-23,0.0,0.0,0.0,0.0
2004-01-26,-0.0033566857926956577,-0.0033566857926956577,0.0,0.0
2004-01-27,-0.01825533743562554,-0.01825533743562554,0.0,0.0
2004-01-28,0.008362110068723283,0.008362110068723283,0.0,0.0
2004-01-29,-0.03420466961606187,-0.03420466961606187,0.0,0.0
2004-01-30,0.0005427108151694667,0.0005427108151694667,0.0,0.0
2004-02-02,0.0,0.0,0.0,0.0
2004-02-02,0.0,-0.0004,0.2,20.0
2004-02-03,0.0,0.0,0.0,0.0
2004-02-04,0.0,0.0,0.0,0.0
2004-02-05,-0.004324715023206116,-0.004324715023206116,0.0,0.0
2004-02-06,-0.00471579711891279,-0.00471579711891279,0.0,0.0
2004-02-09,0.01676147655987459,0.01676147655987459,0.0,0.0
2004-02-10,-0.007069433363205303,-0.007069433363205303,0.0,0.0
2004-02-11,0.010758510410684343,0.010758510410684343,0.0,0.0
2004-02-12,0.04114608054430234,0.04114608054430234,0.0,0.0
2004-02-13,-0.0011204653997024749,-0.0011204653997024749,0.0,0.0
2004-02-16,-0.0003049195591678915,-0.0003049195591678915,0.0,0.0
2004-02-17,-0.012549191406452156,-0.012549191406452156,0.0,0.0
2004-02-18,0.01280844217854935,0.01280844217854935,0.0,0.0
2004-02-19,-0.011437462515720132,-0.011437462515720132,0.0,0.0
2004-02-20,-0.030143525878583856,-0.030143525878583856,0.0,0.0
2004-02-23,-0.0012919926660858283,-0.0012919926660858283,0.0,0.0
2004-02-24,0.002209635007051636,0.002209635007051636,0.0,0.0
2004-02-25,0.010373784221771674,0.010373784221771674,0.0,0.0
2004-02-26,0.004267931750806498,0.004267931750806498,0.0,0.0
2004-02-27,0.005779523485532746,0.005779523485532746,0.0,0.0
2004-02-29,0.0,0.0,0.0,0.0
2004-02-29,0.0,-0.0004,0.2,20.0
2004-03-01,0.005655937535565048,0.005655937535565048,0.0,0.0
2004-03-02,0.020995736518418153,0.020995736518418153,0.0,0.0
2004-03-03,0.0004753510733590651,0.0004753510733590651,0.0,0.0
2004-03-04,-0.005755207255610517,-0.005755207255610517,0.0,0.0
2004-03-05,0.009222611404676506,0.009222611404676506,0.0,0.0
2004-03-08,0.018219300516862616,0.018219300516862616,0.0,0.0
2004-03-09,-0.0006458372364081316,-0.0006458372364081316,0.0,0.0
2004-03-10,0.021042431493529988,0.021042431493529988,0.0,0.0
2004-03-11,-0.021116697628217263,-0.021116697628217263,0.0,0.0
2004-03-12,0.0020444899116961015,0.0020444899116961015,0.0,0.0
2004-03-15,0.004634063592284366,0.004634063592284366,0.0,0.0
2004-03-16,-0.0026473225388909507,-0.0026473225388909507,0.0,0.0
2004-03-17,0.0026640788761819415,0.0026640788761819415,0.0,0.0
2004-03-18,0.011842326593607556,0.011842326593607556,0.0,0.0
2004-03-19,0.012275689478673146,0.012275689478673146,0.0,0.0
2004-03-22,0.0042627423382991195,0.0042627423382991195,0.0,0.0
2004-03-23,-0.007996558295599953,-0.007996558295599953,0.0,0.0
2004-03-24,0.01265320215691267,0.01265320215691267,0.0,0.0
2004-03-25,0.004152536697249687,0.004152536697249687,0.0,0.0
2004-03-26,0.012273403915707838,0.012273403915707838,0.0,0.0
2004-03-29,0.006220030730459092,0.006220030730459092,0.0,0.0
2004-03-30,-0.01793244762264333,-0.01793244762264333,0.0,0.0
2004-03-31,0.004402382716624476,0.004402382716624476,0.0,0.0
2004-04-01,0.014557428247791071,0.014557428247791071,0.0,0.0
2004-04-01,0.0,-0.0006,0.3,20.0
2004-04-02,0.011812270638449208,0.011812270638449208,0.0,0.0
2004-04-05,0.007164582780326779,0.007164582780326779,0.0,0.0
2004-04-06,0.002763160165429702,0.002763160165429702,0.0,0.0
2004-04-07,-0.01208173483223195,-0.01208173483223195,0.0,0.0
2004-04-08,-0.023072874539966717,-0.023072874539966717,0.0,0.0
2004-04-09,0.005752277285363961,0.005752277285363961,0.0,0.0
2004-04-12,-0.0018849653208067858,-0.0018849653208067858,0.0,0.0
2004-04-13,0.0031826553579624266,0.0031826553579624266,0.0,0.0
2004-04-14,-0.006233371972952428,-0.006233371972952428,0.0,0.0
2004-04-15,-0.008113561432634543,-0.008113561432634543,0.0,0.0
2004-04-16,0.03313732146991777,0.03313732146991777,0.0,0.0
2004-04-19,0.01918053036551194,0.01918053036551194,0.0,0.0
2004-04-20,-0.011554646077953257,-0.011554646077953257,0.0,0.0
2004-04-21,0.004423767148471658,0.004423767148471658,0.0,0.0
2004-04-22,0.007905642357486732,0.007905642357486732,0.0,0.0
2004-04-23,0.0,0.0,0.0,0.0
2004-04-26,-0.028710176722944448,-0.028710176722944448,0.0,0.0
2004-04-27,-0.02941426079736298,-0.02941426079736298,0.0,0.0
2004-04-28,-0.010817712699806125,-0.010817712699806125,0.0,0.0
2004-04-29,-0.027394900372747534,-0.027394900372747534,0.0,0.0
2004-04-30,-0.0012635645803288917,-0.0012635645803288917,0.0,0.0
2004-05-03,0.0,-0.0006,0.3,20.0
2004-05-03,-0.03423792017301776,-0.03423792017301776,0.0,0.0
2004-05-04,0.03073733207533055,0.03073733207533055,0.0,0.0
2004-05-05,0.018508049276643502,0.018508049276643502,0.0,0.0
2004-05-06,-0.027220017797579456,-0.027220017797579456,0.0,0.0
2004-05-07,-0.03177894272125796,-0.03177894272125796,0.0,0.0
2004-05-10,-0.030511710979048035,-0.030511710979048035,0.0,0.0
2004-05-11,-0.0015835894349532469,-0.0015835894349532469,0.0,0.0
2004-05-12,0.00045653695259122466,0.00045653695259122466,0.0,0.0
2004-05-13,-0.02274313315963703,-0.02274313315963703,0.0,0.0
2004-05-14,-0.003324458815543052,-0.003324458815543052,0.0,0.0
2004-05-17,-0.055145742199100914,-0.055145742199100914,0.0,0.0
2004-05-18,0.009130379213462958,0.009130379213462958,0.0,0.0
2004-05-19,0.0,0.0,0.0,0.0
2004-05-20,0.016415358303328,0.016415358303328,0.0,0.0
2004-05-21,0.012836477042696382,0.012836477042696382,0.0,0.0
2004-05-24,0.031014774911792078,0.031014774911792078,0.0,0.0
2004-05-25,-0.0076643473329813475,-0.0076643473329813475,0.0,0.0
2004-05-26,0.03255809455680283,0.03255809455680283,0.0,0.0
2004-05-27,-0.0014620967494041516,-0.0014620967494041516,0.0,0.0
2004-05-28,0.007434598920232094,0.007434598920232094,0.0,0.0
2004-05-31,-0.010376667284115227,-0.010376667284115227,0.0,0.0
2004-06-01,-0.009941673891768577,-0.009941673891768577,0.0,0.0
2004-06-01,0.0,-0.0006000000000000001,0.30000000000000004,20.0
2004-06-02,-0.0004539782267589884,-0.0004539782267589884,0.0,0.0
2004-06-03,0.01902991029038247,0.01902991029038247,0.0,0.0
2004-06-04,0.015608744793941209,0.015608744793941209,0.0,0.0
2004-06-07,0.007711251928243834,0.007711251928243834,0.0,0.0
2004-06-08,-0.004664059582537872,-0.004664059582537872,0.0,0.0
2004-06-09,-0.0036061579077731336,-0.0036061579077731336,0.0,0.0
2004-06-10,0.006233942880704634,0.006233942880704634,0.0,0.0
2004-06-11,-0.0030402130209087113,-0.0030402130209087113,0.0,0.0
2004-06-14,-0.022529676575518465,-0.022529676575518465,0.0,0.0
2004-06-15,0.002205114332087965,0.002205114332087965,0.0,0.0
2004-06-16,-0.007540918162342569,-0.007540918162342569,0.0,0.0
2004-06-17,-0.01507372050860897,-0.01507372050860897,0.0,0.0
2004-06-18,0.010206662632613772,0.010206662632613772,0.0,0.0
2004-06-21,-0.007462265639762246,-0.007462265639762246,0.0,0.0
2004-06-22,0.007206176261110786,0.007206176261110786,0.0,0.0
2004-06-23,0.007411646158531614,0.007411646158531614,0.0,0.0
2004-06-24,-0.007352174348901886,-0.007352174348901886,0.0,0.0
2004-06-25,0.03226388557186467,0.03226388557186467,0.0,0.0
2004-06-28,0.012041882523114956,0.012041882523114956,0.0,0.0
2004-06-29,-0.0070225015460881005,-0.0070225015460881005,0.0,0.0
2004-06-30,0.002180668812030284,0.002180668812030284,0.0,0.0
2004-07-01,0.017354498438197787,0.017354498438197787,0.0,0.0
2004-07-01,0.0,-0.0004,0.2,20.0
2004-07-02,-0.000856447084779021,-0.000856447084779021,0.0,0.0
2004-07-05,0.007848722603147807,0.007848722603147807,0.0,0.0
2004-07-06,-0.009822305154292832,-0.009822305154292832,0.0,0.0
2004-07-07,-0.00489585055917191,-0.00489585055917191,0.0,0.0
2004-07-08,-0.0038935785973799658,-0.0038935785973799658,0.0,0.0
2004-07-09,0.005698561392532065,0.005698561392532065,0.0,0.0
2004-07-12,0.003144657087438485,0.003144657087438485,0.0,0.0
2004-07-13,0.005383636633636635,0.005383636633636635,0.0,0.0
2004-07-14,0.009253250532854284,0.009253250532854284,0.0,0.0
2004-07-15,0.023394682969357296,0.023394682969357296,0.0,0.0
2004-07-16,0.014032892431860188,0.014032892431860188,0.0,0.0
2004-07-19,-0.0010336100640500059,-0.0010336100640500059,0.0,0.0
2004-07-20,-0.005855283962256831,-0.005855283962256831,0.0,0.0
2004-07-21,-0.011764973629210751,-0.011764973629210751,0.0,0.0
2004-07-22,0.0010601718724252195,0.0010601718724252195,0.0,0.0
2004-07-23,0.01742793532281133,0.01742793532281133,0.0,0.0
2004-07-26,0.006373391348620695,0.006373391348620695,0.0,0.0
2004-07-27,0.005104239122448451,0.005104239122448451,0.0,0.0
2004-07-28,0.012086028057958175,0.012086028057958175,0.0,0.0
2004-07-29,0.011068081121743099,0.011068081121743099,0.0,0.0
2004-07-30,0.025700665727477555,0.025700665727477555,0.0,0.0
2004-08-02,0.007580035951046615,0.007580035951046615,0.0,0.0
2004-08-03,-0.009956742928941843,-0.009956742928941843,0.0,0.0
2004-08-04,-0.020326256625066833,-0.020326256625066833,0.0,0.0
2004-08-05,0.02555146789526165,0.02555146789526165,0.0,0.0
2004-08-06,-0.007897799014524708,-0.007897799014524708,0.0,0.0
2004-08-09,0.0060966094485611425,0.0060966094485611425,0.0,0.0
2004-08-10,0.020215847241726426,0.020215847241726426,0.0,0.0
2004-08-11,-0.026091975804377734,-0.026091975804377734,0.0,0.0
2004-08-12,0.004736855976021025,0.004736855976021025,0.0,0.0
2004-08-13,0.0077495945998201305,0.0077495945998201305,0.0,0.0
2004-08-16,0.01685832709999795,0.01685832709999795,0.0,0.0
2004-08-17,0.018470251818099283,0.018470251818099283,0.0,0.0
2004-08-18,-0.004743302146106344,-0.004743302146106344,0.0,0.0
2004-08-19,0.0035877948032544188,0.0035877948032544188,0.0,0.0
2004-08-20,0.0005184857083378571,0.0005184857083378571,0.0,0.0
2004-08-23,0.011766002884703287,0.011766002884703287,0.0,0.0
2004-08-24,0.016344530115658097,0.016344530115658097,0.0,0.0
2004-08-25,-0.007763088146941966,-0.007763088146941966,0.0,0.0
2004-08-26,0.0034269215380176793,0.0034269215380176793,0.0,0.0
2004-08-27,0.009193309094581624,0.009193309094581624,0.0,0.0
2004-08-30,0.0,0.0,0.0,0.0
2004-08-31,0.010196259433582168,0.010196259433582168,0.0,0.0
2004-09-01,0.01561043993144158,0.01561043993144158,0.0,0.0
2004-09-01,0.0,-0.0002,0.1,20.0
2004-09-02,-0.006502107793524526,-0.006502107793524526,0.0,0.0
2004-09-03,0.025169766492085334,0.025169766492085334,0.0,0.0
2004-09-06,0.01915506392452604,0.01915506392452604,0.0,0.0
2004-09-07,0.015845074691817486,0.015845074691817486,0.0,0.0
2004-09-08,0.0033713619746046698,0.0033713619746046698,0.0,0.0
2004-09-09,0.0018193317677860255,0.0018193317677860255,0.0,0.0
2004-09-10,-0.014019674292846352,-0.014019674292846352,0.0,0.0
2004-09-13,0.00771237743181823,0.00771237743181823,0.0,0.0
2004-09-14,0.01864437290330663,0.01864437290330663,0.0,0.0
2004-09-15,0.005790807563681378,0.005790807563681378,0.0,0.0
2004-09-16,0.008945064005459335,0.008945064005459335,0.0,0.0
2004-09-17,-0.027707173082468894,-0.027707173082468894,0.0,0.0
2004-09-20,-0.026161473519656607,-0.026161473519656607,0.0,0.0
2004-09-21,0.02950764564901674,0.02950764564901674,0.0,0.0
2004-09-22,0.009746276218655203,0.009746276218655203,0.0,0.0
2004-09-23,0.02393649220302001,0.02393649220302001,0.0,0.0
2004-09-24,-0.003727736469719489,-0.003727736469719489,0.0,0.0
2004-09-27,-0.006415247498859223,-0.006415247498859223,0.0,0.0
2004-09-28,0.009369283949152651,0.009369283949152651,0.0,0.0
2004-09-29,0.007398943062528618,0.007398943062528618,0.0,0.0
2004-09-30,-0.012182954575113493,-0.012182954575113493,0.0,0.0
2004-10-01,-0.002835904477096852,-0.002835904477096852,0.0,0.0
2004-10-01,0.0,-0.0002,0.1,20.0
2004-10-04,-0.0005267219713995573,-0.0005267219713995573,0.0,0.0
2004-10-05,-0.022256054964259853,-0.022256054964259853,0.0,0.0
2004-10-06,0.03000288724038032,0.03000288724038032,0.0,0.0
2004-10-07,0.012683448098126361,0.012683448098126361,0.0,0.0
2004-10-08,0.017057180221432912,0.017057180221432912,0.0,0.0
2004-10-11,0.01590188907165757,0.01590188907165757,0.0,0.0
2004-10-12,0.004640896459046152,0.004640896459046152,0.0,0.0
2004-10-13,0.008044236634247394,0.008044236634247394,0.0,0.0
2004-10-14,-0.007420728297859115,-0.007420728297859115,0.0,0.0
2004-10-15,-0.0016085376093570856,-0.0016085376093570856,0.0,0.0
2004-10-18,-0.001487343557079123,-0.001487343557079123,0.0,0.0
2004-10-19,0.0032332373164099095,0.0032332373164099095,0.0,0.0
2004-10-20,-0.014353939264050352,-0.014353939264050352,0.0,0.0
2004-10-21,0.007074211432504341,0.007074211432504341,0.0,0.0
2004-10-22,0.002921061623640254,0.002921061623640254,0.0,0.0
2004-10-25,0.00976960929776899,0.00976960929776899,0.0,0.0
2004-10-26,0.006397328368697475,0.006397328368697475,0.0,0.0
2004-10-27,0.02150490116066276,0.02150490116066276,0.0,0.0
2004-10-28,0.013192025388809349,0.013192025388809349,0.0,0.0
2004-10-29,0.0,0.0,0.0,0.0
2004-10-29,0.0,-0.0014000000000000004,0.7000000000000002,20.0
2004-11-01,0.031605230055973904,0.031605230055973904,0.0,0.0
2004-11-01,0.0,-0.0020000000000000005,1.0000000000000002,20.0
2004-11-02,0.020009707625466822,0.020009707625466822,0.0,0.0
2004-11-03,0.003821067194766459,0.003821067194766459,0.0,0.0
2004-11-04,0.0004066173387351933,0.0004066173387351933,0.0,0.0
2004-11-05,0.018578001762814968,0.018578001762814968,0.0,0.0
2004-11-08,0.010419418634314935,0.010419418634314935,0.0,0.0
2004-11-09,-0.006278025331336591,-0.006278025331336591,0.0,0.0
2004-11-10,0.017748940171119935,0.017748940171119935,0.0,0.0
2004-11-11,-0.00913090520912485,-0.00913090520912485,0.0,0.0
2004-11-12,-0.01072962443939377,-0.01072962443939377,0.0,0.0
2004-11-15,0.0,0.0,0.0,0.0
2004-11-16,0.0,0.0,0.0,0.0
2004-11-17,0.004344661989587962,0.004344661989587962,0.0,0.0
2004-11-18,0.016053214747750642,0.016053214747750642,0.0,0.0
2004-11-19,0.017352391194191297,0.017352391194191297,0.0,0.0
2004-11-22,-0.002567016164868508,-0.002567016164868508,0.0,0.0
2004-11-23,0.025486615252196546,0.025486615252196546,0.0,0.0
2004-11-24,0.014362353649221095,0.014362353649221095,0.0,0.0
2004-11-25,-0.017552249592036863,-0.017552249592036863,0.0,0.0
2004-11-26,-0.015716359963667593,-0.015716359963667593,0.0,0.0
2004-11-29,-0.029539187709061665,-0.029539187709061665,0.0,0.0
2004-11-30,-0.00310435723305683,-0.00310435723305683,0.0,0.0
2004-12-01,-0.00921262194697069,-0.00921262194697069,0.0,0.0
2004-12-01,0.0,-0.0006,0.3,20.0
2004-12-02,0.018554652073507816,0.018554652073507816,0.0,0.0
2004-12-03,-0.011223032805932964,-0.011223032805932964,0.0,0.0
2004-12-06,-0.004431964087131878,-0.004431964087131878,0.0,0.0
2004-12-07,0.007314922004443547,0.007314922004443547,0.0,0.0
2004-12-08,-0.01023782201998511,-0.01023782201998511,0.0,0.0
2004-12-09,-0.012772155307028445,-0.012772155307028445,0.0,0.0
2004-12-10,-0.002882107829191794,-0.002882107829191794,0.0,0.0
2004-12-13,0.01317354826349274,0.01317354826349274,0.0,0.0
2004-12-14,-0.016090414630270132,-0.016090414630270132,0.0,0.0
2004-12-15,-0.01052032023857792,-0.01052032023857792,0.0,0.0
2004-12-16,0.015753904278248767,0.015753904278248767,0.0,0.0
2004-12-17,-0.0026773276167172634,-0.0026773276167172634,0.0,0.0
2004-12-20,0.026405721485753087,0.026405721485753087,0.0,0.0
2004-12-21,-0.0038278385301363854,-0.0038278385301363854,0.0,0.0
2004-12-22,0.0031284090949921014,0.0031284090949921014,0.0,0.0
2004-12-23,-0.00045332628799005324,-0.00045332628799005324,0.0,0.0
2004-12-24,-0.004758221858449618,-0.004758221858449618,0.0,0.0
2004-12-27,-0.0003631078702890807,-0.0003631078702890807,0.0,0.0
2004-12-28,0.011042098988431583,0.011042098988431583,0.0,0.0
2004-12-29,-0.003612043173126256,-0.003612043173126256,0.0,0.0
2004-12-30,0.0,0.0,0.0,0.0
2004-12-30,0.0,-0.002,1.0,20.0
2004-12-31,0.0,0.0,0.0,0.0
2005-01-03,0.0,-0.002,1.0,20.0
2005-01-03,0.009549409068565828,0.009549409068565828,0.0,0.0
2005-01-04,-0.007631613749481659,-0.007631613749481659,0.0,0.0
2005-01-05,-0.01941307728642874,-0.01941307728642874,0.0,0.0
2005-01-06,0.01012215088357472,0.01012215088357472,0.0,0.0
2005-01-07,0.013277263667470075,0.013277263667470075,0.0,0.0
2005-01-10,0.005460236023052667,0.005460236023052667,0.0,0.0
2005-01-11,0.022126129569883825,0.022126129569883825,0.0,0.0
2005-01-12,0.024536326997816375,0.024536326997816375,0.0,0.0
2005-01-13,0.013676218493733284,0.013676218493733284,0.0,0.0
2005-01-14,-0.0008324598685156117,-0.0008324598685156117,0.0,0.0
2005-01-17,0.0006260072702856886,0.0006260072702856886,0.0,0.0
2005-01-18,0.0055652859329896835,0.0055652859329896835,0.0,0.0
2005-01-19,-0.003893752939251716,-0.003893752939251716,0.0,0.0
2005-01-20,0.0,0.0,0.0,0.0
2005-01-21,0.0,0.0,0.0,0.0
2005-01-24,-0.004332558266691589,-0.004332558266691589,0.0,0.0
2005-01-25,0.01769306044991962,0.01769306044991962,0.0,0.0
2005-01-26,-0.0028741962214095867,-0.0028741962214095867,0.0,0.0
2005-01-27,0.010740017712121474,0.010740017712121474,0.0,0.0
2005-01-28,0.0016676731980717506,0.0016676731980717506,0.0,0.0
2005-01-31,0.014615349148756663,0.014615349148756663,0.0,0.0
2005-02-01,0.022072109494117774,0.022072109494117774,0.0,0.0
2005-02-01,0.0,-0.0002,0.1,20.0
2005-02-02,0.003481399289753795,0.003481399289753795,0.0,0.0
2005-02-03,-0.007419330001551616,-0.007419330001551616,0.0,0.0
2005-02-04,0.006611828216270488,0.006611828216270488,0.0,0.0
2005-02-07,0.013082521884644219,0.013082521884644219,0.0,0.0
2005-02-08,0.008254612709506514,0.008254612709506514,0.0,0.0
2005-02-09,-0.021432669595281853,-0.021432669595281853,0.0,0.0
2005-02-10,0.0018770038895593922,0.0018770038895593922,0.0,0.0
2005-02-11,0.023924711683506895,0.023924711683506895,0.0,0.0
2005-02-14,0.004852530585062232,0.004852530585062232,0.0,0.0
2005-02-15,0.006019901827230679,0.006019901827230679,0.0,0.0
2005-02-16,-0.018651216798249083,-0.018651216798249083,0.0,0.0
2005-02-17,-0.01820236723552853,-0.01820236723552853,0.0,0.0
2005-02-18,0.0067168158616665585,0.0067168158616665585,0.0,0.0
2005-02-21,-0.014842764297967171,-0.014842764297967171,0.0,0.0
2005-02-22,-0.0144614349495665,-0.0144614349495665,0.0,0.0
2005-02-23,0.005519131066727412,0.005519131066727412,0.0,0.0
2005-02-24,0.023021657862764434,0.023021657862764434,0.0,0.0
2005-02-25,-0.0005877013326569423,-0.0005877013326569423,0.0,0.0
2005-02-28,0.011775672585124667,0.011775672585124667,0.0,0.0
2005-03-01,-0.011510682505981586,-0.011510682505981586,0.0,0.0
2005-03-02,-0.006686319159829913,-0.006686319159829913,0.0,0.0
2005-03-03,0.010438211191865254,0.010438211191865254,0.0,0.0
2005-03-04,0.00652582297473211,0.00652582297473211,0.0,0.0
2005-03-07,0.019149563803454304,0.019149563803454304,0.0,0.0
2005-03-08,-0.004474642171306576,-0.004474642171306576,0.0,0.0
2005-03-09,0.011522349743426596,0.011522349743426596,0.0,0.0
2005-03-10,0.007398361820813326,0.007398361820813326,0.0,0.0
2005-03-11,-0.008401249970272518,-0.008401249970272518,0.0,0.0
2005-03-14,-0.014335466039534096,-0.014335466039534096,0.0,0.0
2005-03-15,-0.019905110494374923,-0.019905110494374923,0.0,0.0
2005-03-16,-0.057892873629969165,-0.057892873629969165,0.0,0.0
2005-03-17,-0.03847949557903329,-0.03847949557903329,0.0,0.0
2005-03-18,0.04071440579427046,0.04071440579427046,0.0,0.0
2005-03-21,-0.012506917448701128,-0.012506917448701128,0.0,0.0
2005-03-22,0.01807100082187959,0.01807100082187959,0.0,0.0
2005-03-23,-0.02467289783237895,-0.02467289783237895,0.0,0.0
2005-03-24,0.022596662578176753,0.022596662578176753,0.0,0.0
2005-03-25,0.009868202093389622,0.009868202093389622,0.0,0.0
2005-03-28,-0.015576587832926814,-0.015576587832926814,0.0,0.0
2005-03-29,-0.005313985743527361,-0.005313985743527361,0.0,0.0
2005-03-30,0.0008151367370947241,0.0008151367370947241,0.0,0.0
2005-03-31,0.021807643155692013,0.021807643155692013,0.0,0.0
2005-04-01,0.0036838228223535882,0.0036838228223535882,0.0,0.0
2005-04-01,0.0,-0.0006,0.3,20.0
2005-04-04,-0.013549773524388142,-0.013549773524388142,0.0,0.0
2005-04-05,0.012637436088817554,0.012637436088817554,0.0,0.0
2005-04-06,0.0007296701652352848,0.0007296701652352848,0.0,0.0
2005-04-07,-0.013044495401587131,-0.013044495401587131,0.0,0.0
2005-04-08,0.0003278359221598468,0.0003278359221598468,0.0,0.0
2005-04-11,-0.022829667075983818,-0.022829667075983818,0.0,0.0
2005-04-12,-0.027942458544296823,-0.027942458544296823,0.0,0.0
2005-04-13,0.0015861761975907275,0.0015861761975907275,0.0,0.0
2005-04-14,-0.02467495554662832,-0.02467495554662832,0.0,0.0
2005-04-15,-0.028990537020438363,-0.028990537020438363,0.0,0.0
2005-04-18,-0.04709879862327811,-0.04709879862327811,0.0,0.0
2005-04-19,0.034566841714699016,0.034566841714699016,0.0,0.0
2005-04-20,0.013980046114578603,0.013980046114578603,0.0,0.0
2005-04-21,-0.0011198801999520614,-0.0011198801999520614,0.0,0.0
2005-04-22,0.014338055823253927,0.014338055823253927,0.0,0.0
2005-04-25,0.0035494940412315826,0.0035494940412315826,0.0,0.0
2005-04-26,-0.010386416818398192,-0.010386416818398192,0.0,0.0
2005-04-27,-0.0038446430897171044,-0.0038446430897171044,0.0,0.0
2005-04-28,-0.02079683794159124,-0.02079683794159124,0.0,0.0
2005-04-29,0.0008001340140754377,0.0008001340140754377,0.0,0.0
2005-05-02,0.02003521503183854,0.02003521503183854,0.0,0.0
2005-05-02,0.0,-0.0002,0.1,20.0
2005-05-03,0.005401648578343677,0.005401648578343677,0.0,0.0
2005-05-04,0.01223681301331323,0.01223681301331323,0.0,0.0
2005-05-05,0.034316625749316425,0.034316625749316425,0.0,0.0
2005-05-06,-0.005547600812768949,-0.005547600812768949,0.0,0.0
2005-05-09,-0.010507498288990025,-0.010507498288990025,0.0,0.0
2005-05-10,-0.0007175451301686621,-0.0007175451301686621,0.0,0.0
2005-05-11,0.0011412335733033238,0.0011412335733033238,0.0,0.0
2005-05-12,0.02161435900543922,0.02161435900543922,0.0,0.0
2005-05-13,0.010122823253468948,0.010122823253468948,0.0,0.0
2005-05-16,-0.011180763688697826,-0.011180763688697826,0.0,0.0
2005-05-17,0.0020786906619847277,0.0020786906619847277,0.0,0.0
2005-05-18,0.00427212429442032,0.00427212429442032,0.0,0.0
2005-05-19,0.0,0.0,0.0,0.0
2005-05-20,0.002320307779515174,0.002320307779515174,0.0,0.0
2005-05-23,-0.03626689747381018,-0.03626689747381018,0.0,0.0
2005-05-24,-0.006052429130670223,-0.006052429130670223,0.0,0.0
2005-05-25,0.007590886453084878,0.007590886453084878,0.0,0.0
2005-05-26,0.007405023817658984,0.007405023817658984,0.0,0.0
2005-05-27,0.010200985524434025,0.010200985524434025,0.0,0.0
2005-05-30,0.026225424229937157,0.026225424229937157,0.0,0.0
2005-05-31,0.0231339522861572,0.0231339522861572,0.0,0.0
2005-06-01,0.0033106851881818285,0.0033106851881818285,0.0,0.0
2005-06-01,0.0,-0.0002,0.1,20.0
2005-06-02,0.009607214529197739,0.009607214529197739,0.0,0.0
2005-06-03,0.0031299703570676907,0.0031299703570676907,0.0,0.0
2005-06-06,-0.008857384931238277,-0.008857384931238277,0.0,0.0
2005-06-07,-0.0012057908440822995,-0.0012057908440822995,0.0,0.0
2005-06-08,0.01357894614349151,0.01357894614349151,0.0,0.0
2005-06-09,0.00015513322338509602,0.00015513322338509602,0.0,0.0
2005-06-10,0.0014283555760416173,0.0014283555760416173,0.0,0.0
2005-06-13,0.0034057187164751035,0.0034057187164751035,0.0,0.0
2005-06-14,0.007291813104398992,0.007291813104398992,0.0,0.0
2005-06-15,0.00830566485723162,0.00830566485723162,0.0,0.0
2005-06-16,0.003830344072629977,0.003830344072629977,0.0,0.0
2005-06-17,-0.005845840303545902,-0.005845840303545902,0.0,0.0
2005-06-20,0.005296020896280375,0.005296020896280375,0.0,0.0
2005-06-21,0.010019222909724524,0.010019222909724524,0.0,0.0
2005-06-22,0.0007795673497661523,0.0007795673497661523,0.0,0.0
2005-06-23,0.012647365670228197,0.012647365670228197,0.0,0.0
2005-06-24,-0.0004983105990138735,-0.0004983105990138735,0.0,0.0
2005-06-27,-0.011205396004726031,-0.011205396004726031,0.0,0.0
2005-06-28,-0.0002522686593704581,-0.0002522686593704581,0.0,0.0
2005-06-29,0.010054135084565364,0.010054135084565364,0.0,0.0
2005-06-30,-0.008153124403399192,-0.008153124403399192,0.0,0.0
2005-07-01,0.017365397948955044,0.017365397948955044,0.0,0.0
2005-07-01,0.0,-0.0002,0.1,20.0
2005-07-04,0.00494345358390702,0.00494345358390702,0.0,0.0
2005-07-05,-0.0013407550484214603,-0.0013407550484214603,0.0,0.0
2005-07-06,0.013613436477901818,0.013613436477901818,0.0,0.0
2005-07-07,-0.00460416018880302,-0.00460416018880302,0.0,0.0
2005-07-08,0.02728343088333405,0.02728343088333405,0.0,0.0
2005-07-11,0.00179412373244462,0.00179412373244462,0.0,0.0
2005-07-12,0.012229533460611453,0.012229533460611453,0.0,0.0
2005-07-13,0.004745607325031542,0.004745607325031542,0.0,0.0
2005-07-14,0.011731272232289204,0.011731272232289204,0.0,0.0
2005-07-15,-0.00019363493449070512,-0.00019363493449070512,0.0,0.0
2005-07-18,-0.006990006805966731,-0.006990006805966731,0.0,0.0
2005-07-19,0.009270656098113596,0.009270656098113596,0.0,0.0
2005-07-20,-0.0007198736595154798,-0.0007198736595154798,0.0,0.0
2005-07-21,0.012935598712769936,0.012935598712769936,0.0,0.0
2005-07-22,0.0025366282555866148,0.0025366282555866148,0.0,0.0
2005-07-25,0.018226351506464823,0.018226351506464823,0.0,0.0
2005-07-26,-0.013856995723996535,-0.013856995723996535,0.0,0.0
2005-07-27,0.004549043252353847,0.004549043252353847,0.0,0.0
2005-07-28,0.01674158992025745,0.01674158992025745,0.0,0.0
2005-07-29,0.019579143520025093,0.019579143520025093,0.0,0.0
2005-08-01,0.027130580936518458,0.027130580936518458,0.0,0.0
2005-08-01,0.0,-0.0002,0.1,20.0
2005-08-02,-0.016546334262613704,-0.016546334262613704,0.0,0.0
2005-08-03,0.0108271249126381,0.0108271249126381,0.0,0.0
2005-08-04,0.0033758807952217074,0.0033758807952217074,0.0,0.0
2005-08-05,-0.014044250818767968,-0.014044250818767968,0.0,0.0
2005-08-08,-0.016202441693792237,-0.016202441693792237,0.0,0.0
2005-08-09,-0.011609172590824748,-0.011609172590824748,0.0,0.0
2005-08-10,0.0037158469018980568,0.0037158469018980568,0.0,0.0
2005-08-11,-0.012928116406091674,-0.012928116406091674,0.0,0.0
2005-08-12,-0.015103215217793143,-0.015103215217793143,0.0,0.0
2005-08-15,-0.007434419689923767,-0.007434419689923767,0.0,0.0
2005-08-16,0.011714828178517489,0.011714828178517489,0.0,0.0
2005-08-17,-0.005569914009177213,-0.005569914009177213,0.0,0.0
2005-08-18,0.00010040177772600032,0.00010040177772600032,0.0,0.0
2005-08-19,0.00799982634595573,0.00799982634595573,0.0,0.0
2005-08-22,0.017833798875487687,0.017833798875487687,0.0,0.0
2005-08-23,0.002639402726576901,0.002639402726576901,0.0,0.0
2005-08-24,0.007249677807047983,0.007249677807047983,0.0,0.0
2005-08-25,0.00964636176521292,0.00964636176521292,0.0,0.0
2005-08-26,0.013010341606175403,0.013010341606175403,0.0,0.0
2005-08-29,-0.0042679311755158145,-0.0042679311755158145,0.0,0.0
2005-08-30,0.0,0.0,0.0,0.0
2005-08-31,0.006879278371967857,0.006879278371967857,0.0,0.0
2005-09-01,0.016137747820738367,0.016137747820738367,0.0,0.0
2005-09-01,0.0,-0.0002,0.1,20.0
2005-09-02,-0.0017081852652594434,-0.0017081852652594434,0.0,0.0
2005-09-05,0.0033685364466068514,0.0033685364466068514,0.0,0.0
2005-09-06,0.006803802087295164,0.006803802087295164,0.0,0.0
2005-09-07,0.002164851770391196,0.002164851770391196,0.0,0.0
2005-09-08,0.007441056193586993,0.007441056193586993,0.0,0.0
2005-09-09,0.00904519503336474,0.00904519503336474,0.0,0.0
2005-09-12,0.02110098213610443,0.02110098213610443,0.0,0.0
2005-09-13,0.000860915372576154,0.000860915372576154,0.0,0.0
2005-09-14,0.010705032619833698,0.010705032619833698,0.0,0.0
2005-09-15,0.011670875586350596,0.011670875586350596,0.0,0.0
2005-09-16,0.007363071015089053,0.007363071015089053,0.0,0.0
2005-09-19,0.017271621636971803,0.017271621636971803,0.0,0.0
2005-09-20,0.02511039609700858,0.02511039609700858,0.0,0.0
2005-09-21,0.0015445481247248877,0.0015445481247248877,0.0,0.0
2005-09-22,-0.0042313148364899415,-0.0042313148364899415,0.0,0.0
2005-09-23,0.001903891341790487,0.001903891341790487,0.0,0.0
2005-09-26,0.002331068107150824,0.002331068107150824,0.0,0.0
2005-09-27,-0.009741633201491807,-0.009741633201491807,0.0,0.0
2005-09-28,-0.02169375483366487,-0.02169375483366487,0.0,0.0
2005-09-29,0.026311817673407366,0.026311817673407366,0.0,0.0
2005-09-30,-0.01565614399411396,-0.01565614399411396,0.0,0.0
2005-10-03,0.017432898166722468,0.017432898166722468,0.0,0.0
2005-10-03,0.0,-0.0002,0.1,20.0
2005-10-04,0.04117234516086539,0.04117234516086539,0.0,0.0
2005-10-05,-0.02270220044453627,-0.02270220044453627,0.0,0.0
2005-10-06,-0.026739542182463726,-0.026739542182463726,0.0,0.0
2005-10-07,0.004841965693606165,0.004841965693606165,0.0,0.0
2005-10-10,0.014717937907724334,0.014717937907724334,0.0,0.0
2005-10-11,-0.002222142712479236,-0.002222142712479236,0.0,0.0
2005-10-12,-0.02528864313969003,-0.02528864313969003,0.0,0.0
2005-10-13,-0.03881344463577263,-0.03881344463577263,0.0,0.0
2005-10-14,-0.017026901256613526,-0.017026901256613526,0.0,0.0
2005-10-17,0.02410795764146593,0.02410795764146593,0.0,0.0
2005-10-18,0.0028402503149726147,0.0028402503149726147,0.0,0.0
2005-10-19,-0.02066532005756614,-0.02066532005756614,0.0,0.0
2005-10-20,0.022877811878060775,0.022877811878060775,0.0,0.0
2005-10-21,-0.010335789711892984,-0.010335789711892984,0.0,0.0
2005-10-24,0.004647501979890256,0.004647501979890256,0.0,0.0
2005-10-25,0.0059528045063700135,0.0059528045063700135,0.0,0.0
2005-10-26,0.01928183416148064,0.01928183416148064,0.0,0.0
2005-10-27,0.009726977838144756,0.009726977838144756,0.0,0.0
2005-10-28,0.005541845197669838,0.005541845197669838,0.0,0.0
2005-10-31,0.028896786983713698,0.028896786983713698,0.0,0.0
2005-11-01,0.015599973901218714,0.015599973901218714,0.0,0.0
2005-11-02,0.007613375469056394,0.007613375469056394,0.0,0.0
2005-11-03,0.0,0.0,0.0,0.0
2005-11-04,0.0,0.0,0.0,0.0
2005-11-07,0.030070774780524626,0.030070774780524626,0.0,0.0
2005-11-08,0.011941721736444677,0.011941721736444677,0.0,0.0
2005-11-09,-0.0166592926695187,-0.0166592926695187,0.0,0.0
2005-11-10,0.010569769599493517,0.010569769599493517,0.0,0.0
2005-11-11,-0.020511318940834734,-0.020511318940834734,0.0,0.0
2005-11-14,0.012713858412362136,0.012713858412362136,0.0,0.0
2005-11-15,0.00611391719165102,0.00611391719165102,0.0,0.0
2005-11-16,0.005656525228240927,0.005656525228240927,0.0,0.0
2005-11-17,0.005278438038718481,0.005278438038718481,0.0,0.0
2005-11-18,0.013053435999890253,0.013053435999890253,0.0,0.0
2005-11-21,0.015638224093065412,0.015638224093065412,0.0,0.0
2005-11-22,-0.0054628873349736986,-0.0054628873349736986,0.0,0.0
2005-11-23,0.024502358451739092,0.024502358451739092,0.0,0.0
2005-11-24,0.00970992203156843,0.00970992203156843,0.0,0.0
2005-11-25,0.005588139089692168,0.005588139089692168,0.0,0.0
2005-11-28,0.007830968847735896,0.007830968847735896,0.0,0.0
2005-11-29,0.009895681086951203,0.009895681086951203,0.0,0.0
2005-11-30,0.014742503610156266,0.014742503610156266,0.0,0.0
2005-12-01,0.0,-0.0004,0.2,20.0
2005-12-01,0.008377077137702483,0.008377077137702483,0.0,0.0
2005-12-02,0.01125650291216206,0.01125650291216206,0.0,0.0
2005-12-05,0.010450390058695747,0.010450390058695747,0.0,0.0
2005-12-06,0.010228221451807863,0.010228221451807863,0.0,0.0
2005-12-07,-0.007953313099639082,-0.007953313099639082,0.0,0.0
2005-12-08,-0.0028555578077928082,-0.0028555578077928082,0.0,0.0
2005-12-09,-0.030654906636508036,-0.030654906636508036,0.0,0.0
2005-12-12,0.010728821230928165,0.010728821230928165,0.0,0.0
2005-12-13,-0.001208645794510188,-0.001208645794510188,0.0,0.0
2005-12-14,0.008172931145670505,0.008172931145670505,0.0,0.0
2005-12-15,-0.0054550416441804805,-0.0054550416441804805,0.0,0.0
2005-12-16,0.007290669826781171,0.007290669826781171,0.0,0.0
2005-12-19,0.019606250254072567,0.019606250254072567,0.0,0.0
2005-12-20,-0.006677103019646147,-0.006677103019646147,0.0,0.0
2005-12-21,0.012320077242562146,0.012320077242562146,0.0,0.0
2005-12-22,0.0007909436740441869,0.0007909436740441869,0.0,0.0
2005-12-23,0.012524895496636691,0.012524895496636691,0.0,0.0
2005-12-26,0.003651229335953632,0.003651229335953632,0.0,0.0
2005-12-27,-0.002748441619346465,-0.002748441619346465,0.0,0.0
2005-12-28,0.0010390577095381044,0.0010390577095381044,0.0,0.0
2005-12-29,0.02086742879154812,0.02086742879154812,0.0,0.0
2005-12-30,0.011394719758095239,0.011394719758095239,0.0,0.0
2005-12-31,0.0,0.0,0.0,0.0
2005-12-31,0.0,-0.0020000000000000005,1.0000000000000002,20.0
2006-01-02,0.008092377211277608,0.008092377211277608,0.0,0.0
2006-01-02,0.0,-0.0020000000000000005,1.0000000000000002,20.0
2006-01-03,0.008461912428772068,0.008461912428772068,0.0,0.0
2006-01-04,0.003975441118299162,0.003975441118299162,0.0,0.0
2006-01-05,0.007912428964895624,0.007912428964895624,0.0,0.0
2006-01-06,0.0077876962163497595,0.0077876962163497595,0.0,0.0
2006-01-09,0.0,0.0,0.0,0.0
2006-01-10,0.0,0.0,0.0,0.0
2006-01-11,0.0,0.0,0.0,0.0
2006-01-12,0.0,0.0,0.0,0.0
2006-01-13,0.0,0.0,0.0,0.0
2006-01-16,0.01396442822674724,0.01396442822674724,0.0,0.0
2006-01-17,0.007451041267203983,0.007451041267203983,0.0,0.0
2006-01-18,-0.03434138627985014,-0.03434138627985014,0.0,0.0
2006-01-19,0.020183495058833614,0.020183495058833614,0.0,0.0
2006-01-20,0.018490205267690088,0.018490205267690088,0.0,0.0
2006-01-23,0.004729222150756552,0.004729222150756552,0.0,0.0
2006-01-24,0.03394001207122965,0.03394001207122965,0.0,0.0
2006-01-25,0.041708007031187266,0.041708007031187266,0.0,0.0
2006-01-26,0.025685644282298373,0.025685644282298373,0.0,0.0
2006-01-27,-0.0033054127430436125,-0.0033054127430436125,0.0,0.0
2006-01-30,-5.4091166761127945e-05,-5.4091166761127945e-05,0.0,0.0
2006-01-31,0.028332369928568867,0.028332369928568867,0.0,0.0
2006-02-01,0.010119059750543113,0.010119059750543113,0.0,0.0
2006-02-01,0.0,-0.0004,0.2,20.0
2006-02-02,-0.0007674707206663852,-0.0007674707206663852,0.0,0.0
2006-02-03,-0.010030924331023929,-0.010030924331023929,0.0,0.0
2006-02-06,0.022979509160647643,0.022979509160647643,0.0,0.0
2006-02-07,-0.005947748797275588,-0.005947748797275588,0.0,0.0
2006-02-08,-0.015830474773301385,-0.015830474773301385,0.0,0.0
2006-02-09,0.005734444167444842,0.005734444167444842,0.0,0.0
2006-02-10,0.00746606455100437,0.00746606455100437,0.0,0.0
2006-02-13,-0.007456446490725722,-0.007456446490725722,0.0,0.0
2006-02-14,-0.01718240177138817,-0.01718240177138817,0.0,0.0
2006-02-15,0.005599029061064631,0.005599029061064631,0.0,0.0
2006-02-16,0.024844002649303924,0.024844002649303924,0.0,0.0
2006-02-17,0.00970416255319675,0.00970416255319675,0.0,0.0
2006-02-20,0.006297935886250572,0.006297935886250572,0.0,0.0
2006-02-21,0.004858748066774266,0.004858748066774266,0.0,0.0
2006-02-22,0.0018542909072063246,0.0018542909072063246,0.0,0.0
2006-02-23,0.03135299310422482,0.03135299310422482,0.0,0.0
2006-02-24,0.013640855300596234,0.013640855300596234,0.0,0.0
2006-02-27,0.009600525908223669,0.009600525908223669,0.0,0.0
2006-02-28,-0.005933308745333477,-0.005933308745333477,0.0,0.0
2006-03-01,-0.0054724609423617235,-0.0054724609423617235,0.0,0.0
2006-03-01,0.0,-0.0006,0.3,20.0
2006-03-02,-0.007841183460180978,-0.007841183460180978,0.0,0.0
2006-03-03,0.001332124046198801,0.001332124046198801,0.0,0.0
2006-03-06,-0.001339677588051335,-0.001339677588051335,0.0,0.0
2006-03-07,-0.05832798896183019,-0.05832798896183019,0.0,0.0
2006-03-08,-0.041497739941839695,-0.041497739941839695,0.0,0.0
2006-03-09,0.020703679359461304,0.020703679359461304,0.0,0.0
2006-03-10,-0.010572618267471669,-0.010572618267471669,0.0,0.0
2006-03-13,0.0289347642765585,0.0289347642765585,0.0,0.0
2006-03-14,-0.027213373851326352,-0.027213373851326352,0.0,0.0
2006-03-15,0.0043863990269420675,0.0043863990269420675,0.0,0.0
2006-03-16,0.0005113048218430396,0.0005113048218430396,0.0,0.0
2006-03-17,0.02150525408051212,0.02150525408051212,0.0,0.0
2006-03-20,0.009607144246308963,0.009607144246308963,0.0,0.0
2006-03-21,-0.008993463276774272,-0.008993463276774272,0.0,0.0
2006-03-22,0.029206840705613402,0.029206840705613402,0.0,0.0
2006-03-23,0.018686376552858444,0.018686376552858444,0.0,0.0
2006-03-24,-0.027038616597549695,-0.027038616597549695,0.0,0.0
2006-03-27,-0.00978160670341435,-0.00978160670341435,0.0,0.0
2006-03-28,-0.02567483764919575,-0.02567483764919575,0.0,0.0
2006-03-29,0.025007957613470213,0.025007957613470213,0.0,0.0
2006-03-30,-0.015627557237757363,-0.015627557237757363,0.0,0.0
2006-03-31,-0.002382781211770724,-0.002382781211770724,0.0,0.0
2006-04-03,0.006786071695300355,0.006786071695300355,0.0,0.0
2006-04-03,0.0,-0.0007999999999999999,0.39999999999999997,20.0
2006-04-04,-0.0009549078062330186,-0.0009549078062330186,0.0,0.0
2006-04-05,0.0038893314290676774,0.0038893314290676774,0.0,0.0
2006-04-06,-0.009308753243513167,-0.009308753243513167,0.0,0.0
2006-04-07,0.02129701587507694,0.02129701587507694,0.0,0.0
2006-04-10,-0.011146112954186773,-0.011146112954186773,0.0,0.0
2006-04-11,0.005255313511681759,0.005255313511681759,0.0,0.0
2006-04-12,-0.006658566051609216,-0.006658566051609216,0.0,0.0
2006-04-13,-0.005028405605351817,-0.005028405605351817,0.0,0.0
2006-04-14,0.004212419597966987,0.004212419597966987,0.0,0.0
2006-04-17,-0.018689601904137165,-0.018689601904137165,0.0,0.0
2006-04-18,0.00911291070144744,0.00911291070144744,0.0,0.0
2006-04-19,0.0017829248102308798,0.0017829248102308798,0.0,0.0
2006-04-20,0.01032597238751295,0.01032597238751295,0.0,0.0
2006-04-21,0.028241373003573135,0.028241373003573135,0.0,0.0
2006-04-24,-0.0013771840490381382,-0.0013771840490381382,0.0,0.0
2006-04-25,0.0020872167066273055,0.0020872167066273055,0.0,0.0
2006-04-26,-0.005833507149885675,-0.005833507149885675,0.0,0.0
2006-04-27,-0.019618840131892037,-0.019618840131892037,0.0,0.0
2006-04-28,0.010270641364390055,0.010270641364390055,0.0,0.0
2006-05-01,0.0002310944732043965,0.0002310944732043965,0.0,0.0
2006-05-01,0.0,-0.0004,0.2,20.0
2006-05-02,0.0010208620223284613,0.0010208620223284613,0.0,0.0
2006-05-03,-0.0037422803720166707,-0.0037422803720166707,0.0,0.0
2006-05-04,0.0029825802818479576,0.0029825802818479576,0.0,0.0
2006-05-05,0.00496459249441884,0.00496459249441884,0.0,0.0
2006-05-08,0.01160201344198949,0.01160201344198949,0.0,0.0
2006-05-09,-0.007615571405880718,-0.007615571405880718,0.0,0.0
2006-05-10,-0.012858749640404201,-0.012858749640404201,0.0,0.0
2006-05-11,0.0008931726844453427,0.0008931726844453427,0.0,0.0
2006-05-12,-0.04057396425356987,-0.04057396425356987,0.0,0.0
2006-05-15,-0.060603064905034344,-0.060603064905034344,0.0,0.0
2006-05-16,0.016946279672123057,0.016946279672123057,0.0,0.0
2006-05-17,-0.016308662954192255,-0.016308662954192255,0.0,0.0
2006-05-18,-0.029840070814304766,-0.029840070814304766,0.0,0.0
2006-05-19,0.0,0.0,0.0,0.0
2006-05-22,-0.09166618720772793,-0.09166618720772793,0.0,0.0
2006-05-23,0.01760664311777629,0.01760664311777629,0.0,0.0
2006-05-24,-0.025966657705101762,-0.025966657705101762,0.0,0.0
2006-05-25,0.022125522949594734,0.022125522949594734,0.0,0.0
2006-05-26,0.06166709740533348,0.06166709740533348,0.0,0.0
2006-05-29,0.01260064347199337,0.01260064347199337,0.0,0.0
2006-05-30,-0.02951106636221718,-0.02951106636221718,0.0,0.0
2006-05-31,0.013376582397893912,0.013376582397893912,0.0,0.0
2006-06-01,0.0,-0.0004,0.2,20.0
2006-06-01,0.0030403994727091323,0.0030403994727091323,0.0,0.0
2006-06-02,0.007655175578837059,0.007655175578837059,0.0,0.0
2006-06-05,-0.03632970018110486,-0.03632970018110486,0.0,0.0
2006-06-06,-0.01589581977449214,-0.01589581977449214,0.0,0.0
2006-06-07,-0.015021613884922682,-0.015021613884922682,0.0,0.0
2006-06-08,-0.02904742371657845,-0.02904742371657845,0.0,0.0
2006-06-09,-0.020383433185783364,-0.020383433185783364,0.0,0.0
2006-06-12,-0.018721557772587716,-0.018721557772587716,0.0,0.0
2006-06-13,-0.07712133248501851,-0.07712133248501851,0.0,0.0
2006-06-14,-0.0019879681062717315,-0.0019879681062717315,0.0,0.0
2006-06-15,0.021888950458462966,0.021888950458462966,0.0,0.0
2006-06-16,0.0031543426942469135,0.0031543426942469135,0.0,0.0
2006-06-19,0.014209991842396897,0.014209991842396897,0.0,0.0
2006-06-20,-0.017007457094999845,-0.017007457094999845,0.0,0.0
2006-06-21,-0.028572494025448328,-0.028572494025448328,0.0,0.0
2006-06-22,0.010562190251359339,0.010562190251359339,0.0,0.0
2006-06-23,-0.03862639948132185,-0.03862639948132185,0.0,0.0
2006-06-26,-0.031521033852490776,-0.031521033852490776,0.0,0.0
2006-06-27,0.005154729620125465,0.005154729620125465,0.0,0.0
2006-06-28,0.02154879478859286,0.02154879478859286,0.0,0.0
2006-06-29,0.028587756476705743,0.028587756476705743,0.0,0.0
2006-06-30,0.05628796400013525,0.05628796400013525,0.0,0.0
2006-07-03,-0.0025909387331905405,-0.0025909387331905405,0.0,0.0
2006-07-03,0.0,-0.0006,0.3,20.0
2006-07-04,0.02698520770245836,0.02698520770245836,0.0,0.0
2006-07-05,-0.024226896990745185,-0.024226896990745185,0.0,0.0
2006-07-06,0.016099531242163758,0.016099531242163758,0.0,0.0
2006-07-07,0.014647215864207874,0.014647215864207874,0.0,0.0
2006-07-10,-0.004670919414875086,-0.004670919414875086,0.0,0.0
2006-07-11,-0.006321932749306281,-0.006321932749306281,0.0,0.0
2006-07-12,-0.009244418829908053,-0.009244418829908053,0.0,0.0
2006-07-13,-0.020751427574552075,-0.020751427574552075,0.0,0.0
2006-07-14,-0.022630699118620468,-0.022630699118620468,0.0,0.0
2006-07-17,-0.028436866756349745,-0.028436866756349745,0.0,0.0
2006-07-18,0.026248507311217195,0.026248507311217195,0.0,0.0
2006-07-19,0.012554995307722182,0.012554995307722182,0.0,0.0
2006-07-20,0.05208557096453861,0.05208557096453861,0.0,0.0
2006-07-21,-0.012083037672818875,-0.012083037672818875,0.0,0.0
2006-07-24,-0.003131618509972645,-0.003131618509972645,0.0,0.0
2006-07-25,0.006074352700260288,0.006074352700260288,0.0,0.0
2006-07-26,0.012764875363332918,0.012764875363332918,0.0,0.0
2006-07-27,0.011729985610074068,0.011729985610074068,0.0,0.0
2006-07-28,-0.010257654609570989,-0.010257654609570989,0.0,0.0
2006-07-31,0.0029853665915192343,0.0029853665915192343,0.0,0.0
2006-08-01,-0.004883200319667769,-0.004883200319667769,0.0,0.0
2006-08-01,0.0,-0.0007999999999999999,0.39999999999999997,20.0
2006-08-02,0.020354895822059016,0.020354895822059016,0.0,0.0
2006-08-03,0.002002842995822551,0.002002842995822551,0.0,0.0
2006-08-04,0.022839443962503283,0.022839443962503283,0.0,0.0
2006-08-07,-0.00826195205357817,-0.00826195205357817,0.0,0.0
2006-08-08,0.006363960310095895,0.006363960310095895,0.0,0.0
2006-08-09,0.02218055021076516,0.02218055021076516,0.0,0.0
2006-08-10,-0.010463746402205121,-0.010463746402205121,0.0,0.0
2006-08-11,0.018077876156187354,0.018077876156187354,0.0,0.0
2006-08-14,0.020688219655005884,0.020688219655005884,0.0,0.0
2006-08-15,0.004820970052044372,0.004820970052044372,0.0,0.0
2006-08-16,0.023722514566049235,0.023722514566049235,0.0,0.0
2006-08-17,-0.01808084247019167,-0.01808084247019167,0.0,0.0
2006-08-18,-0.017717809461094393,-0.017717809461094393,0.0,0.0
2006-08-21,0.003167926519689312,0.003167926519689312,0.0,0.0
2006-08-22,0.0009091817456630237,0.0009091817456630237,0.0,0.0
2006-08-23,-0.0009674128142849626,-0.0009674128142849626,0.0,0.0
2006-08-24,-0.013285973405559294,-0.013285973405559294,0.0,0.0
2006-08-25,8.698303754227626e-05,8.698303754227626e-05,0.0,0.0
2006-08-28,0.005493247881415576,0.005493247881415576,0.0,0.0
2006-08-29,0.005026119623128189,0.005026119623128189,0.0,0.0
2006-08-30,0.0,0.0,0.0,0.0
2006-08-31,0.004474768387811867,0.004474768387811867,0.0,0.0
2006-09-01,0.006522372526692388,0.006522372526692388,0.0,0.0
2006-09-01,0.0,-0.0006,0.3,20.0
2006-09-04,0.014978156779632792,0.014978156779632792,0.0,0.0
2006-09-05,-0.0005698141258671409,-0.0005698141258671409,0.0,0.0
2006-09-06,0.008612001215537003,0.008612001215537003,0.0,0.0
2006-09-07,0.006036550659026065,0.006036550659026065,0.0,0.0
2006-09-08,0.004532410366120077,0.004532410366120077,0.0,0.0
2006-09-11,-0.00023390844438295763,-0.00023390844438295763,0.0,0.0
2006-09-12,-0.002485149137300747,-0.002485149137300747,0.0,0.0
2006-09-13,0.014571322768575657,0.014571322768575657,0.0,0.0
2006-09-14,-0.0021575329961086255,-0.0021575329961086255,0.0,0.0
2006-09-15,0.014980055557806472,0.014980055557806472,0.0,0.0
2006-09-18,0.01666074015380673,0.01666074015380673,0.0,0.0
2006-09-19,0.009480700336047865,0.009480700336047865,0.0,0.0
2006-09-20,-0.005802999660814146,-0.005802999660814146,0.0,0.0
2006-09-21,-0.01647853012461129,-0.01647853012461129,0.0,0.0
2006-09-22,-0.05056491258021296,-0.05056491258021296,0.0,0.0
2006-09-25,-0.014607561365378476,-0.014607561365378476,0.0,0.0
2006-09-26,0.0220937968547543,0.0220937968547543,0.0,0.0
2006-09-27,0.022806456767063964,0.022806456767063964,0.0,0.0
2006-09-28,0.010190934728759194,0.010190934728759194,0.0,0.0
2006-09-29,-0.013908495043123404,-0.013908495043123404,0.0,0.0
2006-09-30,0.0,0.0,0.0,0.0
2006-09-30,0.0,-0.0020000000000000005,1.0000000000000002,20.0
2006-10-02,0.0,-0.0020000000000000005,1.0000000000000002,20.0
2006-10-02,0.0009642420166432464,0.0009642420166432464,0.0,0.0
2006-10-03,-0.0035516579056154907,-0.0035516579056154907,0.0,0.0
2006-10-04,-0.012374084644300943,-0.012374084644300943,0.0,0.0
2006-10-05,0.01724598090536513,0.01724598090536513,0.0,0.0
2006-10-06,-0.0012448636973416251,-0.0012448636973416251,0.0,0.0
2006-10-09,0.010603905230516544,0.010603905230516544,0.0,0.0
2006-10-10,0.00545307026612849,0.00545307026612849,0.0,0.0
2006-10-11,-0.007789095469826857,-0.007789095469826857,0.0,0.0
2006-10-12,0.017489315157776054,0.017489315157776054,0.0,0.0
2006-10-13,-0.001806179505326023,-0.001806179505326023,0.0,0.0
2006-10-16,0.0035198668300387204,0.0035198668300387204,0.0,0.0
2006-10-17,-0.01579318504948725,-0.01579318504948725,0.0,0.0
2006-10-18,0.021292411189779314,0.021292411189779314,0.0,0.0
2006-10-19,0.015096258427547095,0.015096258427547095,0.0,0.0
2006-10-20,0.003164531370363022,0.003164531370363022,0.0,0.0
2006-10-23,0.0,0.0,0.0,0.0
2006-10-24,0.0,0.0,0.0,0.0
2006-10-25,0.0,0.0,0.0,0.0
2006-10-26,0.010355794352344794,0.010355794352344794,0.0,0.0
2006-10-27,-0.00791477254744245,-0.00791477254744245,0.0,0.0
2006-10-30,-0.004076813350437503,-0.004076813350437503,0.0,0.0
2006-10-31,0.014986221579264459,0.014986221579264459,0.0,0.0
2006-11-01,0.005299951327189034,0.005299951327189034,0.0,0.0
2006-11-01,0.0,-0.0008,0.4,20.0
2006-11-02,-0.022275125011516496,-0.022275125011516496,0.0,0.0
2006-11-03,0.002590041236697216,0.002590041236697216,0.0,0.0
2006-11-06,0.018146704641487887,0.018146704641487887,0.0,0.0
2006-11-07,0.011926974045765194,0.011926974045765194,0.0,0.0
2006-11-08,-0.00559832578589945,-0.00559832578589945,0.0,0.0
2006-11-09,0.0035707087207137887,0.0035707087207137887,0.0,0.0
2006-11-10,-0.000628496566446979,-0.000628496566446979,0.0,0.0
2006-11-13,-0.015009219183304445,-0.015009219183304445,0.0,0.0
2006-11-14,0.017053169848113604,0.017053169848113604,0.0,0.0
2006-11-15,0.00025932895195855915,0.00025932895195855915,0.0,0.0
2006-11-16,-0.007047515117700921,-0.007047515117700921,0.0,0.0
2006-11-17,-0.020137824286398334,-0.020137824286398334,0.0,0.0
2006-11-20,0.003714006517258196,0.003714006517258196,0.0,0.0
2006-11-21,-0.0036260647655583685,-0.0036260647655583685,0.0,0.0
2006-11-22,-0.012062688925534793,-0.012062688925534793,0.0,0.0
2006-11-23,0.011962892265640901,0.011962892265640901,0.0,0.0
2006-11-24,-0.012531755314357986,-0.012531755314357986,0.0,0.0
2006-11-27,0.007616391554536462,0.007616391554536462,0.0,0.0
2006-11-28,-0.02514528380039457,-0.02514528380039457,0.0,0.0
2006-11-29,0.00730054271870283,0.00730054271870283,0.0,0.0
2006-11-30,0.009872036671525908,0.009872036671525908,0.0,0.0
2006-12-01,0.0,-0.001,0.5,20.0
2006-12-01,-0.0034379305329971252,-0.0034379305329971252,0.0,0.0
2006-12-04,-0.010780772682629971,-0.010780772682629971,0.0,0.0
2006-12-05,0.011131844280619675,0.011131844280619675,0.0,0.0
2006-12-06,0.006310493547186834,0.006310493547186834,0.0,0.0
2006-12-07,0.014839459879956619,0.014839459879956619,0.0,0.0
2006-12-08,-0.006345112449859937,-0.006345112449859937,0.0,0.0
2006-12-11,0.015689489910429455,0.015689489910429455,0.0,0.0
2006-12-12,-0.0007146522564440818,-0.0007146522564440818,0.0,0.0
2006-12-13,-0.02112222977843039,-0.02112222977843039,0.0,0.0
2006-12-14,0.02475743316652368,0.02475743316652368,0.0,0.0
2006-12-15,0.0005839010088336989,0.0005839010088336989,0.0,0.0
2006-12-18,-0.009837141825486919,-0.009837141825486919,0.0,0.0
2006-12-19,-0.018620849035229314,-0.018620849035229314,0.0,0.0
2006-12-20,0.005217614326178344,0.005217614326178344,0.0,0.0
2006-12-21,-0.005549265332940745,-0.005549265332940745,0.0,0.0
2006-12-22,0.001416992516243676,0.001416992516243676,0.0,0.0
2006-12-25,-0.010854078855865456,-0.010854078855865456,0.0,0.0
2006-12-26,-0.0007830306834280433,-0.0007830306834280433,0.0,0.0
2006-12-27,0.0036045084795411127,0.0036045084795411127,0.0,0.0
2006-12-28,0.010984909417415811,0.010984909417415811,0.0,0.0
2006-12-29,0.004603726692074917,0.004603726692074917,0.0,0.0
2006-12-31,0.0,0.0,0.0,0.0
2006-12-31,0.0,-0.0018000000000000004,0.9000000000000001,20.0
2007-01-01,0.0,0.0,0.0,0.0
2007-01-01,0.0,-0.0020000000000000005,1.0000000000000002,20.0
2007-01-02,0.0,0.0,0.0,0.0
2007-01-03,0.0,0.0,0.0,0.0
2007-01-04,-0.007733594441793347,-0.007733594441793347,0.0,0.0
2007-01-05,-0.016714694620960226,-0.016714694620960226,0.0,0.0
2007-01-08,-0.01151683730641865,-0.01151683730641865,0.0,0.0
2007-01-09,-0.033067171057906145,-0.033067171057906145,0.0,0.0
2007-01-10,-0.01494883453399052,-0.01494883453399052,0.0,0.0
2007-01-11,0.02219575934886604,0.02219575934886604,0.0,0.0
2007-01-12,0.01656869549966732,0.01656869549966732,0.0,0.0
2007-01-15,0.022190686801576064,0.022190686801576064,0.0,0.0
2007-01-16,-0.004447743953955242,-0.004447743953955242,0.0,0.0
2007-01-17,0.006613575724394118,0.006613575724394118,0.0,0.0
2007-01-18,0.027269712229589203,0.027269712229589203,0.0,0.0
2007-01-19,-0.0031248542018394443,-0.0031248542018394443,0.0,0.0
2007-01-22,0.02791192250378014,0.02791192250378014,0.0,0.0
2007-01-23,0.0005346252981758507,0.0005346252981758507,0.0,0.0
2007-01-24,0.01001704185046829,0.01001704185046829,0.0,0.0
2007-01-25,0.0006901268178231557,0.0006901268178231557,0.0,0.0
2007-01-26,0.004390967459818651,0.004390967459818651,0.0,0.0
2007-01-29,-0.010588557960938282,-0.010588557960938282,0.0,0.0
2007-01-30,0.010257057019338467,0.010257057019338467,0.0,0.0
2007-01-31,-0.0029659923150303635,-0.0029659923150303635,0.0,0.0
2007-02-01,0.015946233640585027,0.015946233640585027,0.0,0.0
2007-02-01,0.0,-0.0006,0.3,20.0
2007-02-02,0.004587316376640571,0.004587316376640571,0.0,0.0
2007-02-05,0.0014613322090723307,0.0014613322090723307,0.0,0.0
2007-02-06,0.004192805649072406,0.004192805649072406,0.0,0.0
2007-02-07,-0.003020169246263427,-0.003020169246263427,0.0,0.0
2007-02-08,-0.007926832329087941,-0.007926832329087941,0.0,0.0
2007-02-09,0.016473501597332574,0.016473501597332574,0.0,0.0
2007-02-12,0.004703020193784879,0.004703020193784879,0.0,0.0
2007-02-13,0.008891169664920817,0.008891169664920817,0.0,0.0
2007-02-14,0.003513715484629509,0.003513715484629509,0.0,0.0
2007-02-15,0.01178655782394964,0.01178655782394964,0.0,0.0
2007-02-16,-0.0010586921579493261,-0.0010586921579493261,0.0,0.0
2007-02-19,0.01615859332012608,0.01615859332012608,0.0,0.0
2007-02-20,-0.004860053810043763,-0.004860053810043763,0.0,0.0
2007-02-21,-0.02057691477070315,-0.02057691477070315,0.0,0.0
2007-02-22,0.0129506842620158,0.0129506842620158,0.0,0.0
2007-02-23,0.023948461948801104,0.023948461948801104,0.0,0.0
2007-02-26,0.019690539469819277,0.019690539469819277,0.0,0.0
2007-02-27,-0.04007759691801473,-0.04007759691801473,0.0,0.0
2007-02-28,-0.013808780305596168,-0.013808780305596168,0.0,0.0
2007-03-01,-0.034469688191186156,-0.034469688191186156,0.0,0.0
2007-03-01,0.0,-0.0006,0.3,20.0
2007-03-02,0.005158281048200654,0.005158281048200654,0.0,0.0
2007-03-05,-0.015722402828397732,-0.015722402828397732,0.0,0.0
2007-03-06,0.024516596578670537,0.024516596578670537,0.0,0.0
2007-03-07,0.006119279921568344,0.006119279921568344,0.0,0.0
2007-03-08,0.011602955693753449,0.011602955693753449,0.0,0.0
2007-03-09,0.007053623223248718,0.007053623223248718,0.0,0.0
2007-03-12,2.184539418997834e-05,2.184539418997834e-05,0.0,0.0
2007-03-13,0.003271693272193111,0.003271693272193111,0.0,0.0
2007-03-14,-0.023242664054209394,-0.023242664054209394,0.0,0.0
2007-03-15,0.007218894018973233,0.007218894018973233,0.0,0.0
2007-03-16,0.008199492368474504,0.008199492368474504,0.0,0.0
2007-03-19,0.0006818809385931604,0.0006818809385931604,0.0,0.0
2007-03-20,0.004429455006854599,0.004429455006854599,0.0,0.0
2007-03-21,0.003829605626184829,0.003829605626184829,0.0,0.0
2007-03-22,0.008240377388718866,0.008240377388718866,0.0,0.0
2007-03-23,0.0026909201522923422,0.0026909201522923422,0.0,0.0
2007-03-26,-0.003423571547340143,-0.003423571547340143,0.0,0.0
2007-03-27,0.006781225116556399,0.006781225116556399,0.0,0.0
2007-03-28,0.0051361001557934435,0.0051361001557934435,0.0,0.0
2007-03-29,0.010807624142360707,0.010807624142360707,0.0,0.0
2007-03-30,0.010647707164312792,0.010647707164312792,0.0,0.0
2007-03-31,0.0,-0.0016,0.8,20.0
2007-03-31,0.0,0.0,0.0,0.0
2007-04-02,-0.0009425238298477745,-0.0009425238298477745,0.0,0.0
2007-04-02,0.0,-0.0020000000000000005,1.0000000000000002,20.0
2007-04-03,0.0111773417051372,0.0111773417051372,0.0,0.0
2007-04-04,0.005504494687923989,0.005504494687923989,0.0,0.0
2007-04-05,0.005781235929411633,0.005781235929411633,0.0,0.0
2007-04-06,0.00024456703865642876,0.00024456703865642876,0.0,0.0
2007-04-09,0.007828955492533795,0.007828955492533795,0.0,0.0
2007-04-10,-0.005664559648330792,-0.005664559648330792,0.0,0.0
2007-04-11,0.006972313903031203,0.006972313903031203,0.0,0.0
2007-04-12,-0.015031997653333708,-0.015031997653333708,0.0,0.0
2007-04-13,0.00713600902982059,0.00713600902982059,0.0,0.0
2007-04-16,0.010446884519560263,0.010446884519560263,0.0,0.0
2007-04-17,-0.004601448395780394,-0.004601448395780394,0.0,0.0
2007-04-18,-0.009767516726877378,-0.009767516726877378,0.0,0.0
2007-04-19,0.009950030906073238,0.009950030906073238,0.0,0.0
2007-04-20,0.016953517926491513,0.016953517926491513,0.0,0.0
2007-04-23,0.0,0.0,0.0,0.0
2007-04-24,-0.005958350941012658,-0.005958350941012658,0.0,0.0
2007-04-25,0.010549707984660596,0.010549707984660596,0.0,0.0
2007-04-26,-0.003631091946409758,-0.003631091946409758,0.0,0.0
2007-04-27,-0.013692534872570362,-0.013692534872570362,0.0,0.0
2007-04-30,-0.045999252513251376,-0.045999252513251376,0.0,0.0
2007-05-01,-0.015405381838838895,-0.015405381838838895,0.0,0.0
2007-05-01,0.0,-0.0004,0.2,20.0
2007-05-02,0.01762681278763282,0.01762681278763282,0.0,0.0
2007-05-03,0.016234279515186124,0.016234279515186124,0.0,0.0
2007-05-04,0.010041034730109876,0.010041034730109876,0.0,0.0
2007-05-07,-0.004724102023347887,-0.004724102023347887,0.0,0.0
2007-05-08,0.002210099001807919,0.002210099001807919,0.0,0.0
2007-05-09,-0.002274678202136938,-0.002274678202136938,0.0,0.0
2007-05-10,0.0012396418863432125,0.0012396418863432125,0.0,0.0
2007-05-11,-0.006587662523816151,-0.006587662523816151,0.0,0.0
2007-05-14,0.00824461241212725,0.00824461241212725,0.0,0.0
2007-05-15,-0.0007396777353662725,-0.0007396777353662725,0.0,0.0
2007-05-16,0.008520979814608344,0.008520979814608344,0.0,0.0
2007-05-17,0.00172532532457631,0.00172532532457631,0.0,0.0
2007-05-18,0.006544474198939387,0.006544474198939387,0.0,0.0
2007-05-21,-0.0041288017781464965,-0.0041288017781464965,0.0,0.0
2007-05-22,-0.0019440830940618552,-0.0019440830940618552,0.0,0.0
2007-05-23,-0.004802211068832906,-0.004802211068832906,0.0,0.0
2007-05-24,-0.004556462577481469,-0.004556462577481469,0.0,0.0
2007-05-25,-0.001308914349199264,-0.001308914349199264,0.0,0.0
2007-05-28,0.013393030345505087,0.013393030345505087,0.0,0.0
2007-05-29,0.0004353852211478771,0.0004353852211478771,0.0,0.0
2007-05-30,-0.01630082457584181,-0.01630082457584181,0.0,0.0
2007-05-31,0.014893225480788842,0.014893225480788842,0.0,0.0
2007-06-01,-0.008117676196289848,-0.008117676196289848,0.0,0.0
2007-06-01,0.0,-0.0006,0.3,20.0
2007-06-04,-0.014152262564658402,-0.014152262564658402,0.0,0.0
2007-06-05,0.0078056075941711055,0.0078056075941711055,0.0,0.0
2007-06-06,-0.007827910411541494,-0.007827910411541494,0.0,0.0
2007-06-07,-0.015731643404600305,-0.015731643404600305,0.0,0.0
2007-06-08,-0.004841777623004395,-0.004841777623004395,0.0,0.0
2007-06-11,0.0030833169482292764,0.0030833169482292764,0.0,0.0
2007-06-12,-0.013589827927778065,-0.013589827927778065,0.0,0.0
2007-06-13,0.0071150031553081534,0.0071150031553081534,0.0,0.0
2007-06-14,-0.0012405246839080845,-0.0012405246839080845,0.0,0.0
2007-06-15,0.014994631018679382,0.014994631018679382,0.0,0.0
2007-06-18,-0.0010140496108363766,-0.0010140496108363766,0.0,0.0
2007-06-19,-0.0032622000185856706,-0.0032622000185856706,0.0,0.0
2007-06-20,0.0009800511427347385,0.0009800511427347385,0.0,0.0
2007-06-21,-0.010889126985150967,-0.010889126985150967,0.0,0.0
2007-06-22,-0.0027710222266040365,-0.0027710222266040365,0.0,0.0
2007-06-25,-0.0024075802217948476,-0.0024075802217948476,0.0,0.0
2007-06-26,0.02642682614406985,0.02642682614406985,0.0,0.0
2007-06-27,-0.0019802106600400053,-0.0019802106600400053,0.0,0.0
2007-06-28,0.018219319801876268,0.018219319801876268,0.0,0.0
2007-06-29,0.010767619888515746,0.010767619888515746,0.0,0.0
2007-06-30,0.0,0.0,0.0,0.0
2007-06-30,0.0,-0.0018000000000000004,0.9000000000000001,20.0
2007-07-02,-0.006296727460871843,-0.006296727460871843,0.0,0.0
2007-07-02,0.0,-0.0020000000000000005,1.0000000000000002,20.0
2007-07-03,0.006487033464488513,0.006487033464488513,0.0,0.0
2007-07-04,-0.00013353964383825431,-0.00013353964383825431,0.0,0.0
2007-07-05,-0.0058427553925355265,-0.0058427553925355265,0.0,0.0
2007-07-06,0.01325583107431514,0.01325583107431514,0.0,0.0
2007-07-09,0.0335575275885506,0.0335575275885506,0.0,0.0
2007-07-10,-0.012268483907673279,-0.012268483907673279,0.0,0.0
2007-07-11,0.0021533486052522257,0.0021533486052522257,0.0,0.0
2007-07-12,0.027558175273074206,0.027558175273074206,0.0,0.0
2007-07-13,-0.0018568477278666181,-0.0018568477278666181,0.0,0.0
2007-07-16,0.009338122615307032,0.009338122615307032,0.0,0.0
2007-07-17,0.000404622923125575,0.000404622923125575,0.0,0.0
2007-07-18,-0.011254534640640423,-0.011254534640640423,0.0,0.0
2007-07-19,0.015673780509847836,0.015673780509847836,0.0,0.0
2007-07-20,-0.022702938018734544,-0.022702938018734544,0.0,0.0
2007-07-23,0.02417346616180998,0.02417346616180998,0.0,0.0
2007-07-24,0.005090789782751193,0.005090789782751193,0.0,0.0
2007-07-25,0.015445735858644637,0.015445735858644637,0.0,0.0
2007-07-26,-0.025222876168362433,-0.025222876168362433,0.0,0.0
2007-07-27,-0.006125804828507964,-0.006125804828507964,0.0,0.0
2007-07-30,-0.005303556507741924,-0.005303556507741924,0.0,0.0
2007-07-31,0.020428263958549377,0.020428263958549377,0.0,0.0
2007-08-01,-0.020082213295378237,-0.020082213295378237,0.0,0.0
2007-08-01,0.0,-0.0004,0.2,20.0
2007-08-02,0.006028909037598452,0.006028909037598452,0.0,0.0
2007-08-03,-0.0002810806968599807,-0.0002810806968599807,0.0,0.0
2007-08-06,0.0067072627542476,0.0067072627542476,0.0,0.0
2007-08-07,0.003890280931948153,0.003890280931948153,0.0,0.0
2007-08-08,0.016087165351310273,0.016087165351310273,0.0,0.0
2007-08-09,-0.026889045835386153,-0.026889045835386153,0.0,0.0
2007-08-10,-0.005240292625354637,-0.005240292625354637,0.0,0.0
2007-08-13,0.008696450041375437,0.008696450041375437,0.0,0.0
2007-08-14,-0.00804556034098125,-0.00804556034098125,0.0,0.0
2007-08-15,-0.026662001664842665,-0.026662001664842665,0.0,0.0
2007-08-16,-0.0448399827423613,-0.0448399827423613,0.0,0.0
2007-08-17,0.018332301193812288,0.018332301193812288,0.0,0.0
2007-08-20,-0.0022996852983754546,-0.0022996852983754546,0.0,0.0
2007-08-21,-0.01335318000519009,-0.01335318000519009,0.0,0.0
2007-08-22,0.01612413056886708,0.01612413056886708,0.0,0.0
2007-08-23,0.008586748775871579,0.008586748775871579,0.0,0.0
2007-08-24,0.00660534145675874,0.00660534145675874,0.0,0.0
2007-08-27,0.011377007640173865,0.011377007640173865,0.0,0.0
2007-08-28,0.001268656010321001,0.001268656010321001,0.0,0.0
2007-08-29,0.0017658557722874386,0.0017658557722874386,0.0,0.0
2007-08-30,0.0,0.0,0.0,0.0
2007-08-31,0.02634463072861668,0.02634463072861668,0.0,0.0
2007-09-03,-0.00612582434909259,-0.00612582434909259,0.0,0.0
2007-09-03,0.0,-0.0002,0.1,20.0
2007-09-04,-0.0007368199069396342,-0.0007368199069396342,0.0,0.0
2007-09-05,-0.00519814618003348,-0.00519814618003348,0.0,0.0
2007-09-06,0.0009255637038094067,0.0009255637038094067,0.0,0.0
2007-09-07,-0.0007340737866706083,-0.0007340737866706083,0.0,0.0
2007-09-10,-0.005618540746583645,-0.005618540746583645,0.0,0.0
2007-09-11,0.010954610841749847,0.010954610841749847,0.0,0.0
2007-09-12,-0.005942074048503864,-0.005942074048503864,0.0,0.0
2007-09-13,0.013965774965656886,0.013965774965656886,0.0,0.0
2007-09-14,-0.0009865566891309016,-0.0009865566891309016,0.0,0.0
2007-09-17,-0.0001602826896233701,-0.0001602826896233701,0.0,0.0
2007-09-18,-0.002378074401931518,-0.002378074401931518,0.0,0.0
2007-09-19,0.03436919839090695,0.03436919839090695,0.0,0.0
2007-09-20,-0.010555203549104008,-0.010555203549104008,0.0,0.0
2007-09-21,0.009701849114580587,0.009701849114580587,0.0,0.0
2007-09-24,0.007566062944651443,0.007566062944651443,0.0,0.0
2007-09-25,-0.011046970922014765,-0.011046970922014765,0.0,0.0
2007-09-26,0.010960597122056893,0.010960597122056893,0.0,0.0
2007-09-27,-0.003269456068759968,-0.003269456068759968,0.0,0.0
2007-09-28,0.0021486291652686564,0.0021486291652686564,0.0,0.0
2007-09-30,0.0,0.0,0.0,0.0
2007-09-30,0.0,-0.0018000000000000004,0.9000000000000001,20.0
2007-10-01,0.004663212435233155,0.004663212435233155,0.0,0.0
2007-10-01,0.0,-0.0020000000000000005,1.0000000000000002,20.0
2007-10-02,0.0051894300963165945,0.0051894300963165945,0.0,0.0
2007-10-03,-0.008378304090906452,-0.008378304090906452,0.0,0.0
2007-10-04,-0.001105096146856055,-0.001105096146856055,0.0,0.0
2007-10-05,0.008732966967951662,0.008732966967951662,0.0,0.0
2007-10-08,-0.007989314699637307,-0.007989314699637307,0.0,0.0
2007-10-09,0.017985793684764762,0.017985793684764762,0.0,0.0
2007-10-10,-0.008967922007727658,-0.008967922007727658,0.0,0.0
2007-10-11,0.0026172353363111077,0.0026172353363111077,0.0,0.0
2007-10-12,0.0,0.0,0.0,0.0
2007-10-15,0.0013246435329837157,0.0013246435329837157,0.0,0.0
2007-10-16,-0.013204661606822066,-0.013204661606822066,0.0,0.0
2007-10-17,0.013354563089621551,0.013354563089621551,0.0,0.0
2007-10-18,-0.011861477495043096,-0.011861477495043096,0.0,0.0
2007-10-19,-0.005450592037633263,-0.005450592037633263,0.0,0.0
2007-10-22,-0.026283967581610022,-0.026283967581610022,0.0,0.0
2007-10-23,0.02143324083085663,0.02143324083085663,0.0,0.0
2007-10-24,-0.00849823882023617,-0.00849823882023617,0.0,0.0
2007-10-25,0.003365756817692435,0.003365756817692435,0.0,0.0
2007-10-26,0.005944879044862173,0.005944879044862173,0.0,0.0
2007-10-29,0.0,0.0,0.0,0.0
2007-10-30,-0.0008830093258864967,-0.0008830093258864967,0.0,0.0
2007-10-31,0.011782657602586524,0.011782657602586524,0.0,0.0
2007-11-01,-0.0034724571232044314,-0.0034724571232044314,0.0,0.0
2007-11-01,0.0,-0.0006,0.3,20.0
2007-11-02,-0.005135680908381713,-0.005135680908381713,0.0,0.0
2007-11-05,-0.007789002777910293,-0.007789002777910293,0.0,0.0
2007-11-06,0.0093799695472944,0.0093799695472944,0.0,0.0
2007-11-07,-0.0029668117651874054,-0.0029668117651874054,0.0,0.0
2007-11-08,-0.005213370513232163,-0.005213370513232163,0.0,0.0
2007-11-09,-0.010450682010128165,-0.010450682010128165,0.0,0.0
2007-11-12,-0.0004873230423837697,-0.0004873230423837697,0.0,0.0
2007-11-13,0.010903826155468088,0.010903826155468088,0.0,0.0
2007-11-14,0.0021841163548172336,0.0021841163548172336,0.0,0.0
2007-11-15,-0.004064005915053338,-0.004064005915053338,0.0,0.0
2007-11-16,-0.0026031223212946153,-0.0026031223212946153,0.0,0.0
2007-11-19,-0.009465329509124355,-0.009465329509124355,0.0,0.0
2007-11-20,0.002104239491425497,0.002104239491425497,0.0,0.0
2007-11-21,-0.014252729085609017,-0.014252729085609017,0.0,0.0
2007-11-22,-0.004388961860102491,-0.004388961860102491,0.0,0.0
2007-11-23,0.000736671874465555,0.000736671874465555,0.0,0.0
2007-11-26,-0.0027870960954654253,-0.0027870960954654253,0.0,0.0
2007-11-27,-0.015330248047833128,-0.015330248047833128,0.0,0.0
2007-11-28,0.009340436939305665,0.009340436939305665,0.0,0.0
2007-11-29,0.0051877202589414645,0.0051877202589414645,0.0,0.0
2007-11-30,0.012181262036447937,0.012181262036447937,0.0,0.0
2007-12-03,0.003728587960156282,0.003728587960156282,0.0,0.0
2007-12-03,0.0,-0.0006,0.3,20.0
2007-12-04,-0.00674549150861249,-0.00674549150861249,0.0,0.0
2007-12-05,0.019700218337292144,0.019700218337292144,0.0,0.0
2007-12-06,0.001500838014620842,0.001500838014620842,0.0,0.0
2007-12-07,0.0029828302181888924,0.0029828302181888924,0.0,0.0
2007-12-10,-0.0015397873874966946,-0.0015397873874966946,0.0,0.0
2007-12-11,0.00025343845421678087,0.00025343845421678087,0.0,0.0
2007-12-12,-0.003935723202952568,-0.003935723202952568,0.0,0.0
2007-12-13,-0.02199966287371067,-0.02199966287371067,0.0,0.0
2007-12-14,-0.0039314811930513125,-0.0039314811930513125,0.0,0.0
2007-12-17,-0.015056510002270384,-0.015056510002270384,0.0,0.0
2007-12-18,0.0009350564937769313,0.0009350564937769313,0.0,0.0
2007-12-19,-0.00033346761842617447,-0.00033346761842617447,0.0,0.0
2007-12-20,0.0,0.0,0.0,0.0
2007-12-21,0.0,0.0,0.0,0.0
2007-12-24,0.022246201417949578,0.022246201417949578,0.0,0.0
2007-12-25,0.000565767819754237,0.000565767819754237,0.0,0.0
2007-12-26,-0.003381002020305823,-0.003381002020305823,0.0,0.0
2007-12-27,0.0019440927895119755,0.0019440927895119755,0.0,0.0
2007-12-28,0.015308155657249767,0.015308155657249767,0.0,0.0
2007-12-31,0.0024459048553284292,0.0024459048553284292,0.0,0.0
2008-01-01,0.0,0.0,0.0,0.0
2008-01-01,0.0,-0.0004,0.2,20.0
2008-01-02,-0.010122491514012634,-0.010122491514012634,0.0,0.0
2008-01-03,-0.014482627024566864,-0.014482627024566864,0.0,0.0
2008-01-04,0.0016455628600557269,0.0016455628600557269,0.0,0.0
2008-01-07,-0.008746117381880782,-0.008746117381880782,0.0,0.0
2008-01-08,0.008201839076260285,0.008201839076260285,0.0,0.0
2008-01-09,-0.00010343038855032977,-0.00010343038855032977,0.0,0.0
2008-01-10,0.001427302156472166,0.001427302156472166,0.0,0.0
2008-01-11,0.0004967627885704047,0.0004967627885704047,0.0,0.0
2008-01-14,-0.007357280627715768,-0.007357280627715768,0.0,0.0
2008-01-15,-0.014444069523566215,-0.014444069523566215,0.0,0.0
2008-01-16,-0.02311831804601381,-0.02311831804601381,0.0,0.0
2008-01-17,-0.018465998629789114,-0.018465998629789114,0.0,0.0
2008-01-18,-0.0074604581660150165,-0.0074604581660150165,0.0,0.0
2008-01-21,-0.053295781587499216,-0.053295781587499216,0.0,0.0
2008-01-22,-0.02494194835223771,-0.02494194835223771,0.0,0.0
2008-01-23,-0.03900115975638239,-0.03900115975638239,0.0,0.0
2008-01-24,0.046971336309116735,0.046971336309116735,0.0,0.0
2008-01-25,0.007035439230772779,0.007035439230772779,0.0,0.0
2008-01-28,-0.02993849990665327,-0.02993849990665327,0.0,0.0
2008-01-29,0.016868330400166963,0.016868330400166963,0.0,0.0
2008-01-30,0.0011690827166462858,0.0011690827166462858,0.0,0.0
2008-01-31,-0.022823954342441367,-0.022823954342441367,0.0,0.0
2008-02-01,0.026666635903667135,0.026666635903667135,0.0,0.0
2008-02-01,0.0,-0.0006,0.3,20.0
2008-02-04,0.027244340362640874,0.027244340362640874,0.0,0.0
2008-02-05,-0.021448409152873205,-0.021448409152873205,0.0,0.0
2008-02-06,-0.010593085898838195,-0.010593085898838195,0.0,0.0
2008-02-07,-0.013252071004310684,-0.013252071004310684,0.0,0.0
2008-02-08,-0.01691939524436441,-0.01691939524436441,0.0,0.0
2008-02-11,0.0023661652294176827,0.0023661652294176827,0.0,0.0
2008-02-12,0.013378192677875766,0.013378192677875766,0.0,0.0
2008-02-13,0.007950161486610076,0.007950161486610076,0.0,0.0
2008-02-14,0.01571910532622465,0.01571910532622465,0.0,0.0
2008-02-15,0.0076737261254374405,0.0076737261254374405,0.0,0.0
2008-02-18,0.031643013687559375,0.031643013687559375,0.0,0.0
2008-02-19,0.0013993907151676477,0.0013993907151676477,0.0,0.0
2008-02-20,-0.003994673924635905,-0.003994673924635905,0.0,0.0
2008-02-21,0.008682429537202531,0.008682429537202531,0.0,0.0
2008-02-22,-0.0066810001329013265,-0.0066810001329013265,0.0,0.0
2008-02-25,-0.004108431780732846,-0.004108431780732846,0.0,0.0
2008-02-26,0.002562448617645697,0.002562448617645697,0.0,0.0
2008-02-27,0.011071046264464557,0.011071046264464557,0.0,0.0
2008-02-28,0.009280390472927658,0.009280390472927658,0.0,0.0
2008-02-29,-0.011390582824962314,-0.011390582824962314,0.0,0.0
2008-03-03,-0.02370701390893377,-0.02370701390893377,0.0,0.0
2008-03-03,0.0,-0.0006,0.3,20.0
2008-03-04,0.004046980308148062,0.004046980308148062,0.0,0.0
2008-03-05,0.028137755625456798,0.028137755625456798,0.0,0.0
2008-03-06,0.0028888986731394842,0.0028888986731394842,0.0,0.0
2008-03-07,-0.018308791628076238,-0.018308791628076238,0.0,0.0
2008-03-10,0.008106019704219303,0.008106019704219303,0.0,0.0
2008-03-11,0.00983717781280581,0.00983717781280581,0.0,0.0
2008-03-12,0.016355662535361026,0.016355662535361026,0.0,0.0
2008-03-13,-0.017724878688574298,-0.017724878688574298,0.0,0.0
2008-03-14,0.002797338505577551,0.002797338505577551,0.0,0.0
2008-03-17,-0.05824585894569382,-0.05824585894569382,0.0,0.0
2008-03-18,0.02717092505255412,0.02717092505255412,0.0,0.0
2008-03-19,0.022753076541107663,0.022753076541107663,0.0,0.0
2008-03-20,-0.015125403371888467,-0.015125403371888467,0.0,0.0
2008-03-21,-0.004242832700211331,-0.004242832700211331,0.0,0.0
2008-03-24,0.03677924330359651,0.03677924330359651,0.0,0.0
2008-03-25,-0.006332691065764751,-0.006332691065764751,0.0,0.0
2008-03-26,-0.006293753232966258,-0.006293753232966258,0.0,0.0
2008-03-27,0.014503014718589002,0.014503014718589002,0.0,0.0
2008-03-28,-0.01961950890512125,-0.01961950890512125,0.0,0.0
2008-03-31,-0.0037142311640189778,-0.0037142311640189778,0.0,0.0
2008-04-01,0.030937776476249533,0.030937776476249533,0.0,0.0
2008-04-01,0.0,-0.0006,0.3,20.0
2008-04-02,-0.0017654622210335098,-0.0017654622210335098,0.0,0.0
2008-04-03,0.0049126418275163624,0.0049126418275163624,0.0,0.0
2008-04-04,0.0024690913150642755,0.0024690913150642755,0.0,0.0
2008-04-07,0.005832878496209481,0.005832878496209481,0.0,0.0
2008-04-08,0.00629202140905668,0.00629202140905668,0.0,0.0
2008-04-09,0.008313245253844425,0.008313245253844425,0.0,0.0
2008-04-10,-0.005327676446415674,-0.005327676446415674,0.0,0.0
2008-04-11,0.0034067464068648586,0.0034067464068648586,0.0,0.0
2008-04-14,-0.002437229563975497,-0.002437229563975497,0.0,0.0
2008-04-15,-0.002307320603332708,-0.002307320603332708,0.0,0.0
2008-04-16,-0.006116849199709496,-0.006116849199709496,0.0,0.0
2008-04-17,0.004280042920726523,0.004280042920726523,0.0,0.0
2008-04-18,0.013986237257277224,0.013986237257277224,0.0,0.0
2008-04-21,0.018457899700014147,0.018457899700014147,0.0,0.0
2008-04-22,-0.00235528144784104,-0.00235528144784104,0.0,0.0
2008-04-23,0.0,0.0,0.0,0.0
2008-04-24,0.011872044804187808,0.011872044804187808,0.0,0.0
2008-04-25,0.004074357426520304,0.004074357426520304,0.0,0.0
2008-04-28,0.002363763701760879,0.002363763701760879,0.0,0.0
2008-04-29,-0.002317376792127324,-0.002317376792127324,0.0,0.0
2008-04-30,0.005422484539891026,0.005422484539891026,0.0,0.0
2008-05-01,0.007425970504626111,0.007425970504626111,0.0,0.0
2008-05-01,0.0,-0.0007999999999999999,0.39999999999999997,20.0
2008-05-02,0.006151940728412319,0.006151940728412319,0.0,0.0
2008-05-05,0.00927366527668938,0.00927366527668938,0.0,0.0
2008-05-06,-0.001265842010368146,-0.001265842010368146,0.0,0.0
2008-05-07,0.0045482644885081695,0.0045482644885081695,0.0,0.0
2008-05-08,0.001001412640528965,0.001001412640528965,0.0,0.0
2008-05-09,-0.0014965716434574448,-0.0014965716434574448,0.0,0.0
2008-05-12,0.0003181580706748009,0.0003181580706748009,0.0,0.0
2008-05-13,0.0037414554649014887,0.0037414554649014887,0.0,0.0
2008-05-14,0.01071053325480439,0.01071053325480439,0.0,0.0
2008-05-15,0.0034736333708747288,0.0034736333708747288,0.0,0.0
2008-05-16,-0.00635928120191871,-0.00635928120191871,0.0,0.0
2008-05-19,0.0,0.0,0.0,0.0
2008-05-20,-0.03382423205167208,-0.03382423205167208,0.0,0.0
2008-05-21,-0.007525729374279388,-0.007525729374279388,0.0,0.0
2008-05-22,0.004467037423537656,0.004467037423537656,0.0,0.0
2008-05-23,-0.002537043396593874,-0.002537043396593874,0.0,0.0
2008-05-26,-0.005864783852961143,-0.005864783852961143,0.0,0.0
2008-05-27,0.005725024428469174,0.005725024428469174,0.0,0.0
2008-05-28,-0.008567532168363135,-0.008567532168363135,0.0,0.0
2008-05-29,-0.004885544048660229,-0.004885544048660229,0.0,0.0
2008-05-30,0.008870154914648742,0.008870154914648742,0.0,0.0
2008-05-31,0.0,0.0,0.0,0.0
2008-05-31,0.0,-0.0002,0.1,20.0
2008-06-02,-0.0016984669939129173,-0.0016984669939129173,0.0,0.0
2008-06-02,0.0,-0.0020000000000000005,1.0000000000000002,20.0
2008-06-03,-0.00465766185374944,-0.00465766185374944,0.0,0.0
2008-06-04,-0.0036900369003690092,-0.0036900369003690092,0.0,0.0
2008-06-05,0.008418929570769174,0.008418929570769174,0.0,0.0
2008-06-06,-0.00465766185374944,-0.00465766185374944,0.0,0.0
2008-06-09,-0.0036900369003690092,-0.0036900369003690092,0.0,0.0
2008-06-10,0.004701457451810054,0.004701457451810054,0.0,0.0
2008-06-11,0.017224691494832522,0.017224691494832522,0.0,0.0
2008-06-12,0.0,0.0,0.0,0.0
2008-06-13,0.029365497736610013,0.029365497736610013,0.0,0.0
2008-06-16,0.023049645390070927,0.023049645390070927,0.0,0.0
2008-06-17,0.11821373296591298,0.11821373296591298,0.0,0.0
2008-06-18,-0.02962454390187097,-0.02962454390187097,0.0,0.0
2008-06-19,-0.021279653349349503,-0.021279653349349503,0.0,0.0
2008-06-20,-0.007852966309825904,-0.007852966309825904,0.0,0.0
2008-06-23,0.020769973416184473,0.020769973416184473,0.0,0.0
2008-06-24,0.020857832071648263,0.020857832071648263,0.0,0.0
2008-06-25,-0.011799410029498525,-0.011799410029498525,0.0,0.0
2008-06-26,0.023431957089893873,0.023431957089893873,0.0,0.0
2008-06-27,0.004199916001680015,0.004199916001680015,0.0,0.0
2008-06-30,0.004746922408918164,0.004746922408918164,0.0,0.0
2008-07-01,0.02330058192451434,0.02330058192451434,0.0,0.0
2008-07-01,0.0,-0.0018000000000000004,0.9000000000000001,20.0
2008-07-02,0.007332658739796617,0.007332658739796617,0.0,0.0
2008-07-03,-0.0017516160027082547,-0.0017516160027082547,0.0,0.0
2008-07-04,-0.004691830784305296,-0.004691830784305296,0.0,0.0
2008-07-07,0.030767412103145986,0.030767412103145986,0.0,0.0
2008-07-08,0.026605692259571247,0.026605692259571247,0.0,0.0
2008-07-09,0.01836826813981337,0.01836826813981337,0.0,0.0
2008-07-10,-0.0021522452425660984,-0.0021522452425660984,0.0,0.0
2008-07-11,0.0001349134853715348,0.0001349134853715348,0.0,0.0
2008-07-14,0.025668205610158246,0.025668205610158246,0.0,0.0
2008-07-15,-0.009712229842462883,-0.009712229842462883,0.0,0.0
2008-07-16,0.0012981927031666014,0.0012981927031666014,0.0,0.0
2008-07-17,0.027853790231934055,0.027853790231934055,0.0,0.0
2008-07-18,0.0075057661586451115,0.0075057661586451115,0.0,0.0
2008-07-21,0.010932398989511084,0.010932398989511084,0.0,0.0
2008-07-22,-0.00638813118371293,-0.00638813118371293,0.0,0.0
2008-07-23,0.012874827939179267,0.012874827939179267,0.0,0.0
2008-07-24,-0.0025613091569537403,-0.0025613091569537403,0.0,0.0
2008-07-25,-0.023262136714360684,-0.023262136714360684,0.0,0.0
2008-07-28,-0.009755396266482207,-0.009755396266482207,0.0,0.0
2008-07-29,0.013788069543049376,0.013788069543049376,0.0,0.0
2008-07-30,0.0067234461463344785,0.0067234461463344785,0.0,0.0
2008-07-31,0.027394285199107495,0.027394285199107495,0.0,0.0
2008-08-01,0.015373912162525483,0.015373912162525483,0.0,0.0
2008-08-01,0.0,-0.0004,0.2,20.0
2008-08-04,0.016792794169730185,0.016792794169730185,0.0,0.0
2008-08-05,-0.017834020409647655,-0.017834020409647655,0.0,0.0
2008-08-06,0.0002953070450604006,0.0002953070450604006,0.0,0.0
2008-08-07,-0.007831774607622632,-0.007831774607622632,0.0,0.0
2008-08-08,-0.012658661942425476,-0.012658661942425476,0.0,0.0
2008-08-11,0.0009135711042409069,0.0009135711042409069,0.0,0.0
2008-08-12,-0.0029832774617956966,-0.0029832774617956966,0.0,0.0
2008-08-13,-0.004615253618411751,-0.004615253618411751,0.0,0.0
2008-08-14,0.01103328217120202,0.01103328217120202,0.0,0.0
2008-08-15,0.010606131558852596,0.010606131558852596,0.0,0.0
2008-08-18,0.014613620913337823,0.014613620913337823,0.0,0.0
2008-08-19,-0.02913760251358516,-0.02913760251358516,0.0,0.0
2008-08-20,0.0035716599592542798,0.0035716599592542798,0.0,0.0
2008-08-21,0.0017708170048265862,0.0017708170048265862,0.0,0.0
2008-08-22,0.02069344541974677,0.02069344541974677,0.0,0.0
2008-08-25,-0.0014847366053369116,-0.0014847366053369116,0.0,0.0
2008-08-26,-0.012988135445451687,-0.012988135445451687,0.0,0.0
2008-08-27,-0.0034842347874074146,-0.0034842347874074146,0.0,0.0
2008-08-28,0.005087225315327926,0.005087225315327926,0.0,0.0
2008-08-29,0.007216493943641312,0.007216493943641312,0.0,0.0
2008-08-31,0.0,0.0,0.0,0.0
2008-08-31,0.0,-0.0002,0.1,20.0
2008-09-01,-0.014638656605842192,-0.014638656605842192,0.0,0.0
2008-09-01,0.0,-0.0020000000000000005,1.0000000000000002,20.0
2008-09-02,0.002577319587628857,0.002577319587628857,0.0,0.0
2008-09-03,0.0,0.0,0.0,0.0
2008-09-04,-0.002564102564102555,-0.002564102564102555,0.0,0.0
2008-09-05,0.03734418400750272,0.03734418400750272,0.0,0.0
2008-09-08,0.027694413269736984,0.027694413269736984,0.0,0.0
2008-09-09,0.08114292674862744,0.08114292674862744,0.0,0.0
2008-09-10,-0.04928888103608292,-0.04928888103608292,0.0,0.0
2008-09-11,-0.02892596337490172,-0.02892596337490172,0.0,0.0
2008-09-12,-0.00936768149882905,-0.00936768149882905,0.0,0.0
2008-09-15,-0.009190204350040865,-0.009190204350040865,0.0,0.0
2008-09-16,-0.00424437712837572,-0.00424437712837572,0.0,0.0
2008-09-17,0.00328833506403603,0.00328833506403603,0.0,0.0
2008-09-18,0.04466127922971119,0.04466127922971119,0.0,0.0
2008-09-19,0.020677945040657342,0.020677945040657342,0.0,0.0
2008-09-22,-0.01930617413326352,-0.01930617413326352,0.0,0.0
2008-09-23,0.0005085015096138457,0.0005085015096138457,0.0,0.0
2008-09-24,0.014523982338353614,0.014523982338353614,0.0,0.0
2008-09-25,-0.01202938475665749,-0.01202938475665749,0.0,0.0
2008-09-26,-0.002262443438914019,-0.002262443438914019,0.0,0.0
2008-09-29,0.011114891429262697,0.011114891429262697,0.0,0.0
2008-09-30,0.0,0.0,0.0,0.0
2008-10-01,0.0,0.0,0.0,0.0
2008-10-01,0.0,-0.0020000000000000005,1.0000000000000002,20.0
2008-10-02,0.0,0.0,0.0,0.0
2008-10-03,-0.03916689693000165,-0.03916689693000165,0.0,0.0
2008-10-06,-0.07877500905838167,-0.07877500905838167,0.0,0.0
2008-10-07,0.01740152529308138,0.01740152529308138,0.0,0.0
2008-10-08,-0.04709180687160101,-0.04709180687160101,0.0,0.0
2008-10-09,0.014975641426745291,0.014975641426745291,0.0,0.0
2008-10-10,-0.09257445605801388,-0.09257445605801388,0.0,0.0
2008-10-13,0.030596567102094664,0.030596567102094664,0.0,0.0
2008-10-14,0.024917048123329535,0.024917048123329535,0.0,0.0
2008-10-15,-0.045918779835125045,-0.045918779835125045,0.0,0.0
2008-10-16,-0.06586635303401163,-0.06586635303401163,0.0,0.0
2008-10-17,-0.03825963955810877,-0.03825963955810877,0.0,0.0
2008-10-20,0.008059656078228596,0.008059656078228596,0.0,0.0
2008-10-21,-0.008133941534966917,-0.008133941534966917,0.0,0.0
2008-10-22,-0.04119595598929818,-0.04119595598929818,0.0,0.0
2008-10-23,-0.040578129686924536,-0.040578129686924536,0.0,0.0
2008-10-24,-0.050632936737437045,-0.050632936737437045,0.0,0.0
2008-10-27,-0.005245615901101541,-0.005245615901101541,0.0,0.0
2008-10-28,0.02802630732945626,0.02802630732945626,0.0,0.0
2008-10-29,0.0,0.0,0.0,0.0
2008-10-30,0.07079825774713427,0.07079825774713427,0.0,0.0
2008-10-31,0.043162715069971595,0.043162715069971595,0.0,0.0
2008-11-03,0.051707511028351846,0.051707511028351846,0.0,0.0
2008-11-03,0.0,-0.0004,0.2,20.0
2008-11-04,0.028301435066640224,0.028301435066640224,0.0,0.0
2008-11-05,-0.03688788266847335,-0.03688788266847335,0.0,0.0
2008-11-06,-0.03527909872684267,-0.03527909872684267,0.0,0.0
2008-11-07,-0.018225200323670577,-0.018225200323670577,0.0,0.0
2008-11-10,0.013999014305857838,0.013999014305857838,0.0,0.0
2008-11-11,-0.026912470827643763,-0.026912470827643763,0.0,0.0
2008-11-12,-0.04376097097253359,-0.04376097097253359,0.0,0.0
2008-11-13,-0.012437585190440137,-0.012437585190440137,0.0,0.0
2008-11-14,0.046384815543231234,0.046384815543231234,0.0,0.0
2008-11-17,-0.0715752198472197,-0.0715752198472197,0.0,0.0
2008-11-18,-0.01977145894783059,-0.01977145894783059,0.0,0.0
2008-11-19,-0.05768772144550299,-0.05768772144550299,0.0,0.0
2008-11-20,-0.03955569168600548,-0.03955569168600548,0.0,0.0
2008-11-21,0.03866983769232121,0.03866983769232121,0.0,0.0
2008-11-24,0.08913129642097369,0.08913129642097369,0.0,0.0
2008-11-25,0.018790421252597514,0.018790421252597514,0.0,0.0
2008-11-26,-0.006868656304001287,-0.006868656304001287,0.0,0.0
2008-11-27,0.031062312179843368,0.031062312179843368,0.0,0.0
2008-11-28,0.002091505692295659,0.002091505692295659,0.0,0.0
2008-11-30,0.0,0.0,0.0,0.0
2008-11-30,0.0,-0.0004,0.2,20.0
2008-12-01,-0.04125193593356395,-0.04125193593356395,0.0,0.0
2008-12-01,0.0,-0.0020000000000000005,1.0000000000000002,20.0
2008-12-02,0.00786163522012584,0.00786163522012584,0.0,0.0
2008-12-03,-0.0027932960893854997,-0.0027932960893854997,0.0,0.0
2008-12-04,0.025735728945629033,0.025735728945629033,0.0,0.0
2008-12-05,0.0,0.0,0.0,0.0
2008-12-08,0.0,0.0,0.0,0.0
2008-12-09,0.0,0.0,0.0,0.0
2008-12-10,0.0,0.0,0.0,0.0
2008-12-11,0.0,0.0,0.0,0.0
2008-12-12,0.002760905577029238,0.002760905577029238,0.0,0.0
2008-12-15,0.008237232289950547,0.008237232289950547,0.0,0.0
2008-12-16,-0.007192260535654804,-0.007192260535654804,0.0,0.0
2008-12-17,-0.0003052327728099158,-0.0003052327728099158,0.0,0.0
2008-12-18,-0.0027012425715829402,-0.0027012425715829402,0.0,0.0
2008-12-19,-0.00271591526344378,-0.00271591526344378,0.0,0.0
2008-12-22,0.005770261902825147,0.005770261902825147,0.0,0.0
2008-12-23,0.002682274016978181,0.002682274016978181,0.0,0.0
2008-12-24,-0.010198368261078283,-0.010198368261078283,0.0,0.0
2008-12-25,-0.0008306035330225559,-0.0008306035330225559,0.0,0.0
2008-12-26,0.0027457440966501823,0.0027457440966501823,0.0,0.0
2008-12-29,-0.0027307482250136794,-0.0027307482250136794,0.0,0.0
2008-12-30,-0.007305014613367522,-0.007305014613367522,0.0,0.0
2008-12-31,-0.003957580294925711,-0.003957580294925711,0.0,0.0
2009-01-01,0.0,0.0,0.0,0.0
2009-01-01,0.0,-0.0020000000000000005,1.0000000000000002,20.0
2009-01-02,0.02251632418508146,0.02251632418508146,0.0,0.0
2009-01-05,0.017125839158437763,0.017125839158437763,0.0,0.0
2009-01-06,0.032301732384214785,0.032301732384214785,0.0,0.0
2009-01-07,-0.019072897248389002,-0.019072897248389002,0.0,0.0
2009-01-08,-0.038422004279915656,-0.038422004279915656,0.0,0.0
2009-01-09,0.009636068754720917,0.009636068754720917,0.0,0.0
2009-01-12,-0.00735876961982439,-0.00735876961982439,0.0,0.0
2009-01-13,0.0010360031260021937,0.0010360031260021937,0.0,0.0
2009-01-14,-0.03721273310232015,-0.03721273310232015,0.0,0.0
2009-01-15,0.006216682283136921,0.006216682283136921,0.0,0.0
2009-01-16,0.009750530418031433,0.009750530418031433,0.0,0.0
2009-01-19,-0.026026512821312076,-0.026026512821312076,0.0,0.0
2009-01-20,-0.02050800158086833,-0.02050800158086833,0.0,0.0
2009-01-21,0.020086553596538805,0.020086553596538805,0.0,0.0
2009-01-22,-0.011881971665750658,-0.011881971665750658,0.0,0.0
2009-01-23,-0.012454176208515098,-0.012454176208515098,0.0,0.0
2009-01-26,0.05285870794436299,0.05285870794436299,0.0,0.0
2009-01-27,-0.01228716428767277,-0.01228716428767277,0.0,0.0
2009-01-28,0.02952162582846669,0.02952162582846669,0.0,0.0
2009-01-29,-0.016011236074890356,-0.016011236074890356,0.0,0.0
2009-01-30,-0.0044468930777683555,-0.0044468930777683555,0.0,0.0
2009-02-02,-0.023277268012308484,-0.023277268012308484,0.0,0.0
2009-02-02,0.0,-0.0002,0.1,20.0
2009-02-03,0.01663123975876364,0.01663123975876364,0.0,0.0
2009-02-04,0.011722358142692157,0.011722358142692157,0.0,0.0
2009-02-05,-0.005969503630903461,-0.005969503630903461,0.0,0.0
2009-02-06,0.022726825984330914,0.022726825984330914,0.0,0.0
2009-02-09,0.02368734281896088,0.02368734281896088,0.0,0.0
2009-02-10,-0.02348277120606156,-0.02348277120606156,0.0,0.0
2009-02-11,-0.0036548697793684303,-0.0036548697793684303,0.0,0.0
2009-02-12,-0.004916864764785378,-0.004916864764785378,0.0,0.0
2009-02-13,0.008672626572304444,0.008672626572304444,0.0,0.0
2009-02-16,-0.0027882090335273994,-0.0027882090335273994,0.0,0.0
2009-02-17,-0.026250079322500144,-0.026250079322500144,0.0,0.0
2009-02-18,-0.015507217232052296,-0.015507217232052296,0.0,0.0
2009-02-19,0.01856842227113276,0.01856842227113276,0.0,0.0
2009-02-20,-0.016985476509963706,-0.016985476509963706,0.0,0.0
2009-02-23,0.017286196957323488,0.017286196957323488,0.0,0.0
2009-02-24,0.006271582955761934,0.006271582955761934,0.0,0.0
2009-02-25,-0.006535380785832346,-0.006535380785832346,0.0,0.0
2009-02-26,0.009672706081603434,0.009672706081603434,0.0,0.0
2009-02-27,0.006031094317941765,0.006031094317941765,0.0,0.0
2009-02-28,0.0,0.0,0.0,0.0
2009-02-28,0.0,-0.0004,0.2,20.0
2009-03-02,0.005468130785377844,0.005468130785377844,0.0,0.0
2009-03-02,0.0,-0.0020000000000000005,1.0000000000000002,20.0
2009-03-03,0.014641296237074997,0.014641296237074997,0.0,0.0
2009-03-04,-0.0033444816053511683,-0.0033444816053511683,0.0,0.0
2009-03-05,-0.013196985333208233,-0.013196985333208233,0.0,0.0
2009-03-06,-0.007537656164691597,-0.007537656164691597,0.0,0.0
2009-03-09,-0.011251174035551592,-0.011251174035551592,0.0,0.0
2009-03-10,0.022750927383843655,0.022750927383843655,0.0,0.0
2009-03-11,0.10819856889200774,0.10819856889200774,0.0,0.0
2009-03-12,-0.029716130174864186,-0.029716130174864186,0.0,0.0
2009-03-13,0.02001597220172935,0.02001597220172935,0.0,0.0
2009-03-16,-0.01593087248560293,-0.01593087248560293,0.0,0.0
2009-03-17,0.0,0.0,0.0,0.0
2009-03-18,-0.010590633604775246,-0.010590633604775246,0.0,0.0
2009-03-19,0.010706233098871087,0.010706233098871087,0.0,0.0
2009-03-20,-0.012158054711246202,-0.012158054711246202,0.0,0.0
2009-03-23,-0.01703719152678035,-0.01703719152678035,0.0,0.0
2009-03-24,0.004716981132075526,0.004716981132075526,0.0,0.0
2009-03-25,0.003401360544217691,0.003401360544217691,0.0,0.0
2009-03-26,-0.008051275574640027,-0.008051275574640027,0.0,0.0
2009-03-27,0.0,0.0,0.0,0.0
2009-03-30,-0.003092145949288805,-0.003092145949288805,0.0,0.0
2009-03-31,0.014362282936680404,0.014362282936680404,0.0,0.0
2009-04-01,0.01563052731277037,0.01563052731277037,0.0,0.0
2009-04-01,0.0,-0.0020000000000000005,1.0000000000000002,20.0
2009-04-02,0.023676722553475325,0.023676722553475325,0.0,0.0
2009-04-03,-0.0007604088416601987,-0.0007604088416601987,0.0,0.0
2009-04-06,-0.006617666390228294,-0.006617666390228294,0.0,0.0
2009-04-07,7.260894994701693e-05,7.260894994701693e-05,0.0,0.0
2009-04-08,0.02621165357294091,0.02621165357294091,0.0,0.0
2009-04-09,0.01619893398534955,0.01619893398534955,0.0,0.0
2009-04-10,0.018614318554209443,0.018614318554209443,0.0,0.0
2009-04-13,0.00673644453233303,0.00673644453233303,0.0,0.0
2009-04-14,-0.003508852516481198,-0.003508852516481198,0.0,0.0
2009-04-15,-0.0015886234194262831,-0.0015886234194262831,0.0,0.0
2009-04-16,0.007807618912829939,0.007807618912829939,0.0,0.0
2009-04-17,0.00764832994448561,0.00764832994448561,0.0,0.0
2009-04-20,-0.015057066444392931,-0.015057066444392931,0.0,0.0
2009-04-21,0.0024507433488750066,0.0024507433488750066,0.0,0.0
2009-04-22,0.017013823833593802,0.017013823833593802,0.0,0.0
2009-04-23,0.0,0.0,0.0,0.0
2009-04-24,0.020926034111006533,0.020926034111006533,0.0,0.0
2009-04-27,0.013554075971363978,0.013554075971363978,0.0,0.0
2009-04-28,0.026360503633827317,0.026360503633827317,0.0,0.0
2009-04-29,0.020196051368931524,0.020196051368931524,0.0,0.0
2009-04-30,0.014186964679739534,0.014186964679739534,0.0,0.0
2009-05-01,0.0,0.0,0.0,0.0
2009-05-01,0.0,-0.0004,0.2,20.0
2009-05-04,0.01692573188084581,0.01692573188084581,0.0,0.0
2009-05-05,0.03118508673097106,0.03118508673097106,0.0,0.0
2009-05-06,0.006093392623807715,0.006093392623807715,0.0,0.0
2009-05-07,-0.023198146805236165,-0.023198146805236165,0.0,0.0
2009-05-08,0.005028874398212847,0.005028874398212847,0.0,0.0
2009-05-11,0.022406538433722645,0.022406538433722645,0.0,0.0
2009-05-12,0.007788933803808918,0.007788933803808918,0.0,0.0
2009-05-13,-0.006046160317658121,-0.006046160317658121,0.0,0.0
2009-05-14,-0.01116691773689942,-0.01116691773689942,0.0,0.0
2009-05-15,0.008895590682125875,0.008895590682125875,0.0,0.0
2009-05-18,0.02777415126064691,0.02777415126064691,0.0,0.0
2009-05-19,0.0,0.0,0.0,0.0
2009-05-20,0.015193241373234991,0.015193241373234991,0.0,0.0
2009-05-21,-0.02591107603823682,-0.02591107603823682,0.0,0.0
2009-05-22,0.0008269196989729283,0.0008269196989729283,0.0,0.0
2009-05-25,0.012015781977548335,0.012015781977548335,0.0,0.0
2009-05-26,-0.008391232257655047,-0.008391232257655047,0.0,0.0
2009-05-27,0.007696033800991731,0.007696033800991731,0.0,0.0
2009-05-28,0.020708322626618505,0.020708322626618505,0.0,0.0
2009-05-29,-0.011632408524617353,-0.011632408524617353,0.0,0.0
2009-05-31,0.0,0.0,0.0,0.0
2009-05-31,0.0,-0.0006,0.3,20.0
2009-06-01,0.021010910379836045,0.021010910379836045,0.0,0.0
2009-06-01,0.0,-0.0020000000000000005,1.0000000000000002,20.0
2009-06-02,0.0,0.0,0.0,0.0
2009-06-03,-0.013296834802412394,-0.013296834802412394,0.0,0.0
2009-06-04,-0.00963855421686749,-0.00963855421686749,0.0,0.0
2009-06-05,0.013340971206139751,0.013340971206139751,0.0,0.0
2009-06-08,-0.004143646408839796,-0.004143646408839796,0.0,0.0
2009-06-09,0.0006879070681604094,0.0006879070681604094,0.0,0.0
2009-06-10,0.005060240963855378,0.005060240963855378,0.0,0.0
2009-06-11,0.004213483146067398,0.004213483146067398,0.0,0.0
2009-06-12,-0.004178272980501385,-0.004178272980501385,0.0,0.0
2009-06-15,0.008984475512479606,0.008984475512479606,0.0,0.0
2009-06-16,-0.013082443881607675,-0.013082443881607675,0.0,0.0
2009-06-17,0.008498583569405138,0.008498583569405138,0.0,0.0
2009-06-18,0.009541984732824416,0.009541984732824416,0.0,0.0
2009-06-19,0.0,0.0,0.0,0.0
2009-06-22,0.0,0.0,0.0,0.0
2009-06-23,-0.004681647940074918,-0.004681647940074918,0.0,0.0
2009-06-24,0.00472589792060496,0.00472589792060496,0.0,0.0
2009-06-25,-0.008859920920576303,-0.008859920920576303,0.0,0.0
2009-06-26,0.0005124147745375618,0.0005124147745375618,0.0,0.0
2009-06-29,0.004249291784702569,0.004249291784702569,0.0,0.0
2009-06-30,-0.008895131086142316,-0.008895131086142316,0.0,0.0
2009-07-01,0.0,-0.0020000000000000005,1.0000000000000002,20.0
2009-07-01,-0.0047258979206049045,-0.0047258979206049045,0.0,0.0
2009-07-02,-0.00032960123560659164,-0.00032960123560659164,0.0,0.0
2009-07-03,0.002647457977543022,0.002647457977543022,0.0,0.0
2009-07-06,0.0065413714345443855,0.0065413714345443855,0.0,0.0
2009-07-07,-0.0025691156573430796,-0.0025691156573430796,0.0,0.0
2009-07-08,-0.0069545152908213614,-0.0069545152908213614,0.0,0.0
2009-07-09,-0.004771973949701236,-0.004771973949701236,0.0,0.0
2009-07-10,-0.01962487849212186,-0.01962487849212186,0.0,0.0
2009-07-13,0.0004406416894016333,0.0004406416894016333,0.0,0.0
2009-07-14,0.0009651424131230661,0.0009651424131230661,0.0,0.0
2009-07-15,0.016014062926615683,0.016014062926615683,0.0,0.0
2009-07-16,0.010537687241749229,0.010537687241749229,0.0,0.0
2009-07-17,-0.005736794737500728,-0.005736794737500728,0.0,0.0
2009-07-20,0.03871339234248825,0.03871339234248825,0.0,0.0
2009-07-21,-0.005621842848021896,-0.005621842848021896,0.0,0.0
2009-07-22,-0.02078409726549405,-0.02078409726549405,0.0,0.0
2009-07-23,0.02640290578390933,0.02640290578390933,0.0,0.0
2009-07-24,0.006956352211225382,0.006956352211225382,0.0,0.0
2009-07-27,-0.0011047223168120235,-0.0011047223168120235,0.0,0.0
2009-07-28,-0.0009834390476618944,-0.0009834390476618944,0.0,0.0
2009-07-29,0.004288773745659569,0.004288773745659569,0.0,0.0
2009-07-30,0.01653500286301337,0.01653500286301337,0.0,0.0
2009-07-31,0.00037274995623170007,0.00037274995623170007,0.0,0.0
2009-08-03,0.008538710554250206,0.008538710554250206,0.0,0.0
2009-08-03,0.0,-0.0004,0.2,20.0
2009-08-04,0.0022016322186708347,0.0022016322186708347,0.0,0.0
2009-08-05,0.00621524813290002,0.00621524813290002,0.0,0.0
2009-08-06,0.012850114147283632,0.012850114147283632,0.0,0.0
2009-08-07,0.015065872648803493,0.015065872648803493,0.0,0.0
2009-08-10,0.0023740414517572257,0.0023740414517572257,0.0,0.0
2009-08-11,-0.01412299521524565,-0.01412299521524565,0.0,0.0
2009-08-12,0.012400317654524885,0.012400317654524885,0.0,0.0
2009-08-13,-0.004294814723423468,-0.004294814723423468,0.0,0.0
2009-08-14,-0.004879448990761204,-0.004879448990761204,0.0,0.0
2009-08-17,-0.004587948864626268,-0.004587948864626268,0.0,0.0
2009-08-18,0.008341232262207433,0.008341232262207433,0.0,0.0
2009-08-19,0.023118424197263034,0.023118424197263034,0.0,0.0
2009-08-20,0.019721316577932045,0.019721316577932045,0.0,0.0
2009-08-21,0.023723690256965857,0.023723690256965857,0.0,0.0
2009-08-24,0.018098414430261257,0.018098414430261257,0.0,0.0
2009-08-25,0.007299714208361197,0.007299714208361197,0.0,0.0
2009-08-26,-0.004378034942340259,-0.004378034942340259,0.0,0.0
2009-08-27,0.001287332230832916,0.001287332230832916,0.0,0.0
2009-08-28,0.019015212205913946,0.019015212205913946,0.0,0.0
2009-08-31,0.007317930664503047,0.007317930664503047,0.0,0.0
2009-09-01,-0.0003666409479443529,-0.0003666409479443529,0.0,0.0
2009-09-02,-0.025434787623756283,-0.025434787623756283,0.0,0.0
2009-09-03,0.013610756512609047,0.013610756512609047,0.0,0.0
2009-09-04,-0.0025388545681700792,-0.0025388545681700792,0.0,0.0
2009-09-07,0.013626571130089537,0.013626571130089537,0.0,0.0
2009-09-08,-0.009020896499394925,-0.009020896499394925,0.0,0.0
2009-09-09,-0.004101539950814115,-0.004101539950814115,0.0,0.0
2009-09-10,-0.0018257917526438008,-0.0018257917526438008,0.0,0.0
2009-09-11,0.03346567017408279,0.03346567017408279,0.0,0.0
2009-09-14,0.01876407164874837,0.01876407164874837,0.0,0.0
2009-09-15,0.007255932048994185,0.007255932048994185,0.0,0.0
2009-09-16,0.009145852060293261,0.009145852060293261,0.0,0.0
2009-09-17,-0.01088614359764304,-0.01088614359764304,0.0,0.0
2009-09-18,0.010295541267147835,0.010295541267147835,0.0,0.0
2009-09-21,0.0,0.0,0.0,0.0
2009-09-22,0.0,0.0,0.0,0.0
2009-09-23,0.014692610957632548,0.014692610957632548,0.0,0.0
2009-09-24,0.007954686332515191,0.007954686332515191,0.0,0.0
2009-09-25,0.002303428412022191,0.002303428412022191,0.0,0.0
2009-09-28,0.005860956502758852,0.005860956502758852,0.0,0.0
2009-09-29,0.012734466630454702,0.012734466630454702,0.0,0.0
2009-09-30,-0.015188794810626773,-0.015188794810626773,0.0,0.0
2009-10-01,0.0011028840628666717,0.0011028840628666717,0.0,0.0
2009-10-01,0.0,-0.0006,0.3,20.0
2009-10-02,-0.02053621143625537,-0.02053621143625537,0.0,0.0
2009-10-05,0.00031423334069099465,0.00031423334069099465,0.0,0.0
2009-10-06,0.016807303658658724,0.016807303658658724,0.0,0.0
2009-10-07,-0.0022803161404680193,-0.0022803161404680193,0.0,0.0
2009-10-08,0.005112624764084995,0.005112624764084995,0.0,0.0
2009-10-09,-0.0011603075466687374,-0.0011603075466687374,0.0,0.0
2009-10-12,0.015652035004638257,0.015652035004638257,0.0,0.0
2009-10-13,-0.005547826806421319,-0.005547826806421319,0.0,0.0
2009-10-14,0.020146092217584392,0.020146092217584392,0.0,0.0
2009-10-15,0.0007514437325344843,0.0007514437325344843,0.0,0.0
2009-10-16,-0.006898125934889687,-0.006898125934889687,0.0,0.0
2009-10-19,0.014750266768421795,0.014750266768421795,0.0,0.0
2009-10-20,0.017732530167770544,0.017732530167770544,0.0,0.0
2009-10-21,0.0036006578222982587,0.0036006578222982587,0.0,0.0
2009-10-22,0.0007827892439968066,0.0007827892439968066,0.0,0.0
2009-10-23,-0.0011725766713062801,-0.0011725766713062801,0.0,0.0
2009-10-26,-0.004200184102680959,-0.004200184102680959,0.0,0.0
2009-10-27,-0.01354421915804387,-0.01354421915804387,0.0,0.0
2009-10-28,-0.026383261046078646,-0.026383261046078646,0.0,0.0
2009-10-29,0.0,0.0,0.0,0.0
2009-10-30,-0.028121044160214978,-0.028121044160214978,0.0,0.0
2009-11-02,-0.021352604430157376,-0.021352604430157376,0.0,0.0
2009-11-02,0.0,-0.0006,0.3,20.0
2009-11-03,-0.03761552125016576,-0.03761552125016576,0.0,0.0
2009-11-04,0.022119556287822983,0.022119556287822983,0.0,0.0
2009-11-05,0.002154473837637217,0.002154473837637217,0.0,0.0
2009-11-06,0.0067265413939468065,0.0067265413939468065,0.0,0.0
2009-11-09,0.02154484163199505,0.02154484163199505,0.0,0.0
2009-11-10,0.02450662959167471,0.02450662959167471,0.0,0.0
2009-11-11,0.008500429002850775,0.008500429002850775,0.0,0.0
2009-11-12,0.003019777370586718,0.003019777370586718,0.0,0.0
2009-11-13,-0.005151001006304069,-0.005151001006304069,0.0,0.0
2009-11-16,0.014136519750729902,0.014136519750729902,0.0,0.0
2009-11-17,-0.025490824456615237,-0.025490824456615237,0.0,0.0
2009-11-18,-0.003257268190069584,-0.003257268190069584,0.0,0.0
2009-11-19,0.01234742971543379,0.01234742971543379,0.0,0.0
2009-11-20,-0.025899899121433805,-0.025899899121433805,0.0,0.0
2009-11-23,0.00292660335819267,0.00292660335819267,0.0,0.0
2009-11-24,0.01385152143449202,0.01385152143449202,0.0,0.0
2009-11-25,0.012391656894623838,0.012391656894623838,0.0,0.0
2009-11-26,0.005842465016827814,0.005842465016827814,0.0,0.0
2009-11-27,0.0,0.0,0.0,0.0
2009-11-27,0.0,-0.0018000000000000002,0.9,20.0
2009-11-30,0.0,0.0,0.0,0.0
2009-12-01,0.014324780316462695,0.014324780316462695,0.0,0.0
2009-12-01,0.0,-0.002,1.0,20.0
2009-12-02,0.01465428141000432,0.01465428141000432,0.0,0.0
2009-12-03,0.04340110177063758,0.04340110177063758,0.0,0.0
2009-12-04,0.009877615901823223,0.009877615901823223,0.0,0.0
2009-12-07,0.02407591443869903,0.02407591443869903,0.0,0.0
2009-12-08,-0.011285196254310428,-0.011285196254310428,0.0,0.0
2009-12-09,0.0009236264242447504,0.0009236264242447504,0.0,0.0
2009-12-10,-0.006188006090870845,-0.006188006090870845,0.0,0.0
2009-12-11,0.021037826828655196,0.021037826828655196,0.0,0.0
2009-12-14,0.01153191915805044,0.01153191915805044,0.0,0.0
2009-12-15,-0.0065564276733898535,-0.0065564276733898535,0.0,0.0
2009-12-16,0.012722542120368385,0.012722542120368385,0.0,0.0
2009-12-17,0.0017594030156218412,0.0017594030156218412,0.0,0.0
2009-12-18,0.009495386661570127,0.009495386661570127,0.0,0.0
2009-12-21,0.022942631888013622,0.022942631888013622,0.0,0.0
2009-12-22,-0.006275955067457284,-0.006275955067457284,0.0,0.0
2009-12-23,0.0039495724923174,0.0039495724923174,0.0,0.0
2009-12-24,0.01606510591118524,0.01606510591118524,0.0,0.0
2009-12-25,-0.008328501337392625,-0.008328501337392625,0.0,0.0
2009-12-28,0.0018229633226074403,0.0018229633226074403,0.0,0.0
2009-12-29,-0.0008224594965848265,-0.0008224594965848265,0.0,0.0
2009-12-30,0.0018495824952164284,0.0018495824952164284,0.0,0.0
2009-12-31,0.010543224230691251,0.010543224230691251,0.0,0.0
2010-01-01,0.0,-0.0004,0.2,20.0
2010-01-01,0.0,0.0,0.0,0.0
2010-01-04,0.01456488728055594,0.01456488728055594,0.0,0.0
2010-01-05,0.008429074181267062,0.008429074181267062,0.0,0.0
2010-01-06,0.008997247421857734,0.008997247421857734,0.0,0.0
2010-01-07,0.018226491553371506,0.018226491553371506,0.0,0.0
2010-01-08,0.0070397454746224265,0.0070397454746224265,0.0,0.0
2010-01-11,-0.007647453222820412,-0.007647453222820412,0.0,0.0
2010-01-12,-0.003590017676855273,-0.003590017676855273,0.0,0.0
2010-01-13,0.016243747270979284,0.016243747270979284,0.0,0.0
2010-01-14,0.007817734722788395,0.007817734722788395,0.0,0.0
2010-01-15,-0.01667355192461586,-0.01667355192461586,0.0,0.0
2010-01-18,0.025867744824458618,0.025867744824458618,0.0,0.0
2010-01-19,0.01399770584241228,0.01399770584241228,0.0,0.0
2010-01-20,0.0079778881985621,0.0079778881985621,0.0,0.0
2010-01-21,-0.004978637527365094,-0.004978637527365094,0.0,0.0
2010-01-22,-0.035643650586186196,-0.035643650586186196,0.0,0.0
2010-01-25,0.0022939533028698,0.0022939533028698,0.0,0.0
2010-01-26,0.005436849336890071,0.005436849336890071,0.0,0.0
2010-01-27,0.003638270401812572,0.003638270401812572,0.0,0.0
2010-01-28,0.007827660435318818,0.007827660435318818,0.0,0.0
2010-01-29,0.000556711109679153,0.000556711109679153,0.0,0.0
2010-02-01,0.03887195702707166,0.03887195702707166,0.0,0.0
2010-02-01,0.0,-0.0004,0.2,20.0
2010-02-02,0.004933778998313321,0.004933778998313321,0.0,0.0
2010-02-03,-0.00523286251392725,-0.00523286251392725,0.0,0.0
2010-02-04,-0.029803841098278563,-0.029803841098278563,0.0,0.0
2010-02-05,-0.05686636110425486,-0.05686636110425486,0.0,0.0
2010-02-08,-0.013398935552000016,-0.013398935552000016,0.0,0.0
2010-02-09,0.02882613853136231,0.02882613853136231,0.0,0.0
2010-02-10,0.010127350870460516,0.010127350870460516,0.0,0.0
2010-02-11,0.01464582831988386,0.01464582831988386,0.0,0.0
2010-02-12,-0.0030697795482959706,-0.0030697795482959706,0.0,0.0
2010-02-15,0.0035067883112661186,0.0035067883112661186,0.0,0.0
2010-02-16,0.008299327038315263,0.008299327038315263,0.0,0.0
2010-02-17,0.00996182311749485,0.00996182311749485,0.0,0.0
2010-02-18,-0.016008686196918732,-0.016008686196918732,0.0,0.0
2010-02-19,0.0075935028781483616,0.0075935028781483616,0.0,0.0
2010-02-22,-0.008202943729400404,-0.008202943729400404,0.0,0.0
2010-02-23,-0.01775901507115598,-0.01775901507115598,0.0,0.0
2010-02-24,-0.02833453161618961,-0.02833453161618961,0.0,0.0
2010-02-25,-0.005433071986948378,-0.005433071986948378,0.0,0.0
2010-02-26,0.0062325747622706375,0.0062325747622706375,0.0,0.0
2010-02-28,0.0,0.0,0.0,0.0
2010-02-28,0.0,-0.0006,0.3,20.0
2010-03-01,0.029570284401731532,0.029570284401731532,0.0,0.0
2010-03-01,0.0,-0.0020000000000000005,1.0000000000000002,20.0
2010-03-02,0.059216625039960835,0.059216625039960835,0.0,0.0
2010-03-03,0.039518176998295074,0.039518176998295074,0.0,0.0
2010-03-04,-0.009704251386321694,-0.009704251386321694,0.0,0.0
2010-03-05,-0.08144796380090497,-0.08144796380090497,0.0,0.0
2010-03-08,-0.01711711711711711,-0.01711711711711711,0.0,0.0
2010-03-09,-0.0027985074626865614,-0.0027985074626865614,0.0,0.0
2010-03-10,-0.013848930086487743,-0.013848930086487743,0.0,0.0
2010-03-11,-0.01823416506717851,-0.01823416506717851,0.0,0.0
2010-03-12,0.00460356584085253,0.00460356584085253,0.0,0.0
2010-03-14,0.0,0.0,0.0,0.0
2010-03-15,0.0012254432120918923,0.0012254432120918923,0.0,0.0
2010-03-16,-0.00047912650619269526,-0.00047912650619269526,0.0,0.0
2010-03-17,-0.012113740269080131,-0.012113740269080131,0.0,0.0
2010-03-18,0.0042724040407907116,0.0042724040407907116,0.0,0.0
2010-03-19,0.0005001442541302525,0.0005001442541302525,0.0,0.0
2010-03-21,0.0,0.0,0.0,0.0
2010-03-22,0.020388349514563142,0.020388349514563142,0.0,0.0
2010-03-23,0.03975483908582078,0.03975483908582078,0.0,0.0
2010-03-24,-0.00777453838678327,-0.00777453838678327,0.0,0.0
2010-03-25,-0.034722222222222154,-0.034722222222222154,0.0,0.0
2010-03-26,-0.013247557867130222,-0.013247557867130222,0.0,0.0
2010-03-28,0.0,0.0,0.0,0.0
2010-03-29,-0.0031541116943302194,-0.0031541116943302194,0.0,0.0
2010-03-30,-0.014312977099236679,-0.014312977099236679,0.0,0.0
2010-03-31,-0.006876227897838927,-0.006876227897838927,0.0,0.0
2010-04-01,-0.0029880478087649376,-0.0029880478087649376,0.0,0.0
2010-04-01,0.0,-0.0018000000000000004,0.9000000000000001,20.0
2010-04-02,-0.005217324249715583,-0.005217324249715583,0.0,0.0
2010-04-04,0.0,0.0,0.0,0.0
2010-04-05,0.007491843265520671,0.007491843265520671,0.0,0.0
2010-04-06,-0.0012603825891805208,-0.0012603825891805208,0.0,0.0
2010-04-07,0.01084171795125556,0.01084171795125556,0.0,0.0
2010-04-08,-0.00556402201741667,-0.00556402201741667,0.0,0.0
2010-04-09,0.007464185597417706,0.007464185597417706,0.0,0.0
2010-04-11,0.0,0.0,0.0,0.0
2010-04-12,0.0010703225154197974,0.0010703225154197974,0.0,0.0
2010-04-13,5.816733130037475e-05,5.816733130037475e-05,0.0,0.0
2010-04-14,0.010784222014679237,0.010784222014679237,0.0,0.0
2010-04-15,-0.005389607409760678,-0.005389607409760678,0.0,0.0
2010-04-16,-0.002796071827920798,-0.002796071827920798,0.0,0.0
2010-04-18,0.0,0.0,0.0,0.0
2010-04-19,2.2590747625484374e-05,2.2590747625484374e-05,0.0,0.0
2010-04-20,0.023118651743767944,0.023118651743767944,0.0,0.0
2010-04-21,-0.008564536023012138,-0.008564536023012138,0.0,0.0
2010-04-22,0.00647008803922392,0.00647008803922392,0.0,0.0
2010-04-23,0.0,0.0,0.0,0.0
2010-04-25,0.0,0.0,0.0,0.0
2010-04-26,0.0014423976418587166,0.0014423976418587166,0.0,0.0
2010-04-27,-0.0023952861875829014,-0.0023952861875829014,0.0,0.0
2010-04-28,-0.013595666624216286,-0.013595666624216286,0.0,0.0
2010-04-29,0.015320197070181573,0.015320197070181573,0.0,0.0
2010-04-30,0.0030481071058567673,0.0030481071058567673,0.0,0.0
2010-05-02,0.0,0.0,0.0,0.0
2010-05-02,0.0,-0.0004,0.2,20.0
2010-05-03,-0.008933165695749357,-0.008933165695749357,0.0,0.0
2010-05-04,-0.01633094877541698,-0.01633094877541698,0.0,0.0
2010-05-05,-0.003194440118505391,-0.003194440118505391,0.0,0.0
2010-05-06,-0.011261098317783515,-0.011261098317783515,0.0,0.0
2010-05-07,-0.037867645129171505,-0.037867645129171505,0.0,0.0
2010-05-09,0.0,0.0,0.0,0.0
2010-05-10,0.06309287581992465,0.06309287581992465,0.0,0.0
2010-05-11,-0.004287623881824976,-0.004287623881824976,0.0,0.0
2010-05-12,0.009476511400729273,0.009476511400729273,0.0,0.0
2010-05-13,-0.008584466342923747,-0.008584466342923747,0.0,0.0
2010-05-14,-0.02690272940318881,-0.02690272940318881,0.0,0.0
2010-05-16,0.0,0.0,0.0,0.0
2010-05-17,0.0018246381583374104,0.0018246381583374104,0.0,0.0
2010-05-18,0.019408193643032305,0.019408193643032305,0.0,0.0
2010-05-19,0.0,0.0,0.0,0.0
2010-05-20,-0.051828800829517296,-0.051828800829517296,0.0,0.0
2010-05-21,-0.00539365448049225,-0.00539365448049225,0.0,0.0
2010-05-23,0.0,0.0,0.0,0.0
2010-05-24,0.024336817217621355,0.024336817217621355,0.0,0.0
2010-05-25,-0.042442330528772,-0.042442330528772,0.0,0.0
2010-05-26,0.01584149990749442,0.01584149990749442,0.0,0.0
2010-05-27,0.006759173828095433,0.006759173828095433,0.0,0.0
2010-05-28,0.0038100141685770915,0.0038100141685770915,0.0,0.0
2010-05-30,0.0,0.0,0.0,0.0
2010-05-31,-0.004823058463254017,-0.004823058463254017,0.0,0.0
2010-06-01,0.015584048362591953,0.015584048362591953,0.0,0.0
2010-06-01,0.0,-0.0002,0.1,20.0
2010-06-02,0.009220759548668123,0.009220759548668123,0.0,0.0
2010-06-03,0.0040864434441162945,0.0040864434441162945,0.0,0.0
2010-06-04,-0.007919384838213542,-0.007919384838213542,0.0,0.0
2010-06-06,0.0,0.0,0.0,0.0
2010-06-07,-0.002559785817906513,-0.002559785817906513,0.0,0.0
2010-06-08,-0.012682588262882856,-0.012682588262882856,0.0,0.0
2010-06-09,0.011979809434706001,0.011979809434706001,0.0,0.0
2010-06-10,0.003938074782041912,0.003938074782041912,0.0,0.0
2010-06-11,0.008583152702317487,0.008583152702317487,0.0,0.0
2010-06-13,0.0,0.0,0.0,0.0
2010-06-14,0.021317484277943756,0.021317484277943756,0.0,0.0
2010-06-15,0.008381910824473815,0.008381910824473815,0.0,0.0
2010-06-16,0.0010182651485172054,0.0010182651485172054,0.0,0.0
2010-06-17,0.00523514280670524,0.00523514280670524,0.0,0.0
2010-06-18,0.017306448506046814,0.017306448506046814,0.0,0.0
2010-06-20,0.0,0.0,0.0,0.0
2010-06-21,-0.010540992281945783,-0.010540992281945783,0.0,0.0
2010-06-22,-0.009277510452565075,-0.009277510452565075,0.0,0.0
2010-06-23,-0.007761002814538465,-0.007761002814538465,0.0,0.0
2010-06-24,0.0015401520310366788,0.0015401520310366788,0.0,0.0
2010-06-25,-0.004308788842711464,-0.004308788842711464,0.0,0.0
2010-06-27,0.0,0.0,0.0,0.0
2010-06-28,0.01692250496233391,0.01692250496233391,0.0,0.0
2010-06-29,0.0013379473661676022,0.0013379473661676022,0.0,0.0
2010-06-30,-0.0006249810579498343,-0.0006249810579498343,0.0,0.0
2010-07-01,-0.004134779650486875,-0.004134779650486875,0.0,0.0
2010-07-01,0.0,-0.0004,0.2,20.0
2010-07-02,0.025281455654473706,0.025281455654473706,0.0,0.0
2010-07-04,0.0,0.0,0.0,0.0
2010-07-05,-0.003043857790017479,-0.003043857790017479,0.0,0.0
2010-07-06,0.003925934118781482,0.003925934118781482,0.0,0.0
2010-07-07,-0.014211771065150348,-0.014211771065150348,0.0,0.0
2010-07-08,0.016637075547204404,0.016637075547204404,0.0,0.0
2010-07-09,0.024646889489323698,0.024646889489323698,0.0,0.0
2010-07-11,0.0,0.0,0.0,0.0
2010-07-12,-0.0011135071583732834,-0.0011135071583732834,0.0,0.0
2010-07-13,0.004048330886212548,0.004048330886212548,0.0,0.0
2010-07-14,-0.0026259643075162153,-0.0026259643075162153,0.0,0.0
2010-07-15,-0.0077752271777552845,-0.0077752271777552845,0.0,0.0
2010-07-16,-0.009502849912857825,-0.009502849912857825,0.0,0.0
2010-07-18,0.0,0.0,0.0,0.0
2010-07-19,-0.0004901413790714178,-0.0004901413790714178,0.0,0.0
2010-07-20,-0.00014484568100495707,-0.00014484568100495707,0.0,0.0
2010-07-21,0.010312625668594522,0.010312625668594522,0.0,0.0
2010-07-22,-0.005840695850836653,-0.005840695850836653,0.0,0.0
2010-07-23,-0.002790914554216961,-0.002790914554216961,0.0,0.0
2010-07-25,0.0,0.0,0.0,0.0
2010-07-26,0.004708615385863402,0.004708615385863402,0.0,0.0
2010-07-27,0.009149246995849826,0.009149246995849826,0.0,0.0
2010-07-28,0.00751592494380956,0.00751592494380956,0.0,0.0
2010-07-29,0.008203617799593355,0.008203617799593355,0.0,0.0
2010-07-30,0.0007417914887238976,0.0007417914887238976,0.0,0.0
2010-08-01,0.0,0.0,0.0,0.0
2010-08-01,0.0,-0.0006,0.3,20.0
2010-08-02,0.024521523831955563,0.024521523831955563,0.0,0.0
2010-08-03,-0.0023455242556210012,-0.0023455242556210012,0.0,0.0
2010-08-04,0.009200362936408557,0.009200362936408557,0.0,0.0
2010-08-05,0.0020771062835983514,0.0020771062835983514,0.0,0.0
2010-08-06,0.00607612291106262,0.00607612291106262,0.0,0.0
2010-08-08,0.0,0.0,0.0,0.0
2010-08-09,-0.0019531984534257754,-0.0019531984534257754,0.0,0.0
2010-08-10,-0.01178692849898405,-0.01178692849898405,0.0,0.0
2010-08-11,-0.01082548003503684,-0.01082548003503684,0.0,0.0
2010-08-12,0.004412782994003162,0.004412782994003162,0.0,0.0
2010-08-13,0.0003615311998614759,0.0003615311998614759,0.0,0.0
2010-08-15,0.0,0.0,0.0,0.0
2010-08-16,-0.003920682820387022,-0.003920682820387022,0.0,0.0
2010-08-17,0.005724574980459441,0.005724574980459441,0.0,0.0
2010-08-18,0.005353466448756505,0.005353466448756505,0.0,0.0
2010-08-19,-0.009110434443112703,-0.009110434443112703,0.0,0.0
2010-08-20,-0.006251342278471139,-0.006251342278471139,0.0,0.0
2010-08-22,0.0,0.0,0.0,0.0
2010-08-23,-0.00048675127238447836,-0.00048675127238447836,0.0,0.0
2010-08-24,-0.006479883348604122,-0.006479883348604122,0.0,0.0
2010-08-25,0.0005347576588579542,0.0005347576588579542,0.0,0.0
2010-08-26,0.007948881860177804,0.007948881860177804,0.0,0.0
2010-08-27,0.001673871967123409,0.001673871967123409,0.0,0.0
2010-08-29,0.0,0.0,0.0,0.0
2010-08-30,0.0,0.0,0.0,0.0
2010-08-31,0.015641788077128113,0.015641788077128113,0.0,0.0
2010-09-01,0.005429307518644021,0.005429307518644021,0.0,0.0
2010-09-01,0.0,-0.0007999999999999999,0.39999999999999997,20.0
2010-09-02,0.0017160802099858818,0.0017160802099858818,0.0,0.0
2010-09-03,0.0016237144751823475,0.0016237144751823475,0.0,0.0
2010-09-05,0.0,0.0,0.0,0.0
2010-09-06,0.00019189710127454074,0.00019189710127454074,0.0,0.0
2010-09-07,-0.003776441713518243,-0.003776441713518243,0.0,0.0
2010-09-08,-0.010043002375199294,-0.010043002375199294,0.0,0.0
2010-09-09,0.0,0.0,0.0,0.0
2010-09-10,0.0,0.0,0.0,0.0
2010-09-12,0.0,0.0,0.0,0.0
2010-09-13,0.039969316776866284,0.039969316776866284,0.0,0.0
2010-09-14,0.001048397185818317,0.001048397185818317,0.0,0.0
2010-09-15,-0.0023328621371141887,-0.0023328621371141887,0.0,0.0
2010-09-16,0.0015955789662636553,0.0015955789662636553,0.0,0.0
2010-09-17,-0.006172757943466112,-0.006172757943466112,0.0,0.0
2010-09-19,0.0,0.0,0.0,0.0
2010-09-20,0.006331236233620519,0.006331236233620519,0.0,0.0
2010-09-21,-0.0033219104067289122,-0.0033219104067289122,0.0,0.0
2010-09-22,0.0024994870656330106,0.0024994870656330106,0.0,0.0
2010-09-23,-0.006760598884712733,-0.006760598884712733,0.0,0.0
2010-09-24,0.0018448824379812215,0.0018448824379812215,0.0,0.0
2010-09-26,0.0,0.0,0.0,0.0
2010-09-27,0.0032035842900587255,0.0032035842900587255,0.0,0.0
2010-09-28,0.004760785453989102,0.004760785453989102,0.0,0.0
2010-09-29,0.014741499424436321,0.014741499424436321,0.0,0.0
2010-09-30,0.01897080392502597,0.01897080392502597,0.0,0.0
2010-10-01,-0.006216832870152811,-0.006216832870152811,0.0,0.0
2010-10-01,0.0,-0.0002,0.1,20.0
2010-10-03,0.0,0.0,0.0,0.0
2010-10-04,-0.00010528525868743789,-0.00010528525868743789,0.0,0.0
2010-10-05,0.002499063012749181,0.002499063012749181,0.0,0.0
2010-10-06,0.002467834189100937,0.002467834189100937,0.0,0.0
2010-10-07,0.0007037360226844428,0.0007037360226844428,0.0,0.0
2010-10-08,-0.0002905544048402821,-0.0002905544048402821,0.0,0.0
2010-10-10,0.0,0.0,0.0,0.0
2010-10-11,0.011775009537641202,0.011775009537641202,0.0,0.0
2010-10-12,0.0033487422222370114,0.0033487422222370114,0.0,0.0
2010-10-13,0.003984814874062637,0.003984814874062637,0.0,0.0
2010-10-14,-0.003998496443376964,-0.003998496443376964,0.0,0.0
2010-10-15,0.006777795666493792,0.006777795666493792,0.0,0.0
2010-10-17,0.0,0.0,0.0,0.0
2010-10-18,0.00725989968743509,0.00725989968743509,0.0,0.0
2010-10-19,-0.005843660426935649,-0.005843660426935649,0.0,0.0
2010-10-20,0.009007936469711387,0.009007936469711387,0.0,0.0
2010-10-21,0.0194294884283781,0.0194294884283781,0.0,0.0
2010-10-22,0.003126912359464996,0.003126912359464996,0.0,0.0
2010-10-24,0.0,0.0,0.0,0.0
2010-10-25,0.009194953241902004,0.009194953241902004,0.0,0.0
2010-10-26,-0.006782299235853385,-0.006782299235853385,0.0,0.0
2010-10-27,-0.027961593427193347,-0.027961593427193347,0.0,0.0
2010-10-28,0.007784345522135916,0.007784345522135916,0.0,0.0
2010-10-29,0.0,0.0,0.0,0.0
2010-10-31,0.0,0.0,0.0,0.0
2010-11-01,0.0,-0.0004,0.2,20.0
2010-11-01,0.012879908180480529,0.012879908180480529,0.0,0.0
2010-11-02,-0.008059167502580334,-0.008059167502580334,0.0,0.0
2010-11-03,-0.005058533208315607,-0.005058533208315607,0.0,0.0
2010-11-04,0.04006652978154839,0.04006652978154839,0.0,0.0
2010-11-05,0.0016493406591100216,0.0016493406591100216,0.0,0.0
2010-11-07,0.0,0.0,0.0,0.0
2010-11-08,0.010338543582877481,0.010338543582877481,0.0,0.0
2010-11-09,0.00557833252765697,0.00557833252765697,0.0,0.0
2010-11-10,-0.018017159297684847,-0.018017159297684847,0.0,0.0
2010-11-11,0.00861922644557116,0.00861922644557116,0.0,0.0
2010-11-12,-0.0027673452024686305,-0.0027673452024686305,0.0,0.0
2010-11-14,0.0,0.0,0.0,0.0
2010-11-15,0.015659720436964397,0.015659720436964397,0.0,0.0
2010-11-16,0.0,0.0,0.0,0.0
2010-11-17,0.0,0.0,0.0,0.0
2010-11-18,0.0,0.0,0.0,0.0
2010-11-19,0.0,0.0,0.0,0.0
2010-11-21,0.0,0.0,0.0,0.0
2010-11-22,-0.006491078796998163,-0.006491078796998163,0.0,0.0
2010-11-23,-0.03724581707074596,-0.03724581707074596,0.0,0.0
2010-11-24,0.021847293971877083,0.021847293971877083,0.0,0.0
2010-11-25,0.009339976147460127,0.009339976147460127,0.0,0.0
2010-11-26,-0.012852830930396453,-0.012852830930396453,0.0,0.0
2010-11-28,0.0,0.0,0.0,0.0
2010-11-29,-0.024964583095193997,-0.024964583095193997,0.0,0.0
2010-11-30,0.019311864177669894,0.019311864177669894,0.0,0.0
2010-12-01,0.020689522843540312,0.020689522843540312,0.0,0.0
2010-12-01,0.0,-0.0006,0.3,20.0
2010-12-02,0.005664842874892928,0.005664842874892928,0.0,0.0
2010-12-03,0.010176958241508749,0.010176958241508749,0.0,0.0
2010-12-05,0.0,0.0,0.0,0.0
2010-12-06,0.0020464618330281576,0.0020464618330281576,0.0,0.0
2010-12-07,0.0010280536871636436,0.0010280536871636436,0.0,0.0
2010-12-08,-0.0050021339605563885,-0.0050021339605563885,0.0,0.0
2010-12-09,-0.01433322348500562,-0.01433322348500562,0.0,0.0
2010-12-10,0.002108728502356938,0.002108728502356938,0.0,0.0
2010-12-12,0.0,0.0,0.0,0.0
2010-12-13,0.011592863299481084,0.011592863299481084,0.0,0.0
2010-12-14,0.0016733332160350336,0.0016733332160350336,0.0,0.0
2010-12-15,-0.0022158522418089356,-0.0022158522418089356,0.0,0.0
2010-12-16,-0.011107898609979874,-0.011107898609979874,0.0,0.0
2010-12-17,-0.018058252664550294,-0.018058252664550294,0.0,0.0
2010-12-19,0.0,0.0,0.0,0.0
2010-12-20,-0.010161727498872366,-0.010161727498872366,0.0,0.0
2010-12-21,0.033534797564218136,0.033534797564218136,0.0,0.0
2010-12-22,0.004997879819976725,0.004997879819976725,0.0,0.0
2010-12-23,0.0037933949764723867,0.0037933949764723867,0.0,0.0
2010-12-24,-0.0021697886411956913,-0.0021697886411956913,0.0,0.0
2010-12-26,0.0,0.0,0.0,0.0
2010-12-27,-0.0008212250509777587,-0.0008212250509777587,0.0,0.0
2010-12-28,0.0009054883998940721,0.0009054883998940721,0.0,0.0
2010-12-29,0.006300991452849082,0.006300991452849082,0.0,0.0
2010-12-30,0.00265380339896677,0.00265380339896677,0.0,0.0
2010-12-31,-0.008777590149644788,-0.008777590149644788,0.0,0.0
2011-01-02,0.0,0.0,0.0,0.0
2011-01-02,0.0,-0.0007999999999999999,0.39999999999999997,20.0
2011-01-03,0.0390343559229388,0.0390343559229388,0.0,0.0
2011-01-04,0.008145824303325843,0.008145824303325843,0.0,0.0
2011-01-05,0.005905077055646212,0.005905077055646212,0.0,0.0
2011-01-06,0.008205758229587768,0.008205758229587768,0.0,0.0
2011-01-07,-0.003840226757639121,-0.003840226757639121,0.0,0.0
2011-01-09,0.0,0.0,0.0,0.0
2011-01-10,0.0036627307919319344,0.0036627307919319344,0.0,0.0
2011-01-11,0.009265733064991732,0.009265733064991732,0.0,0.0
2011-01-12,0.008089820098547052,0.008089820098547052,0.0,0.0
2011-01-13,0.011181814475404915,0.011181814475404915,0.0,0.0
2011-01-14,-0.00813835892532089,-0.00813835892532089,0.0,0.0
2011-01-16,0.0,0.0,0.0,0.0
2011-01-17,-0.010906241807065422,-0.010906241807065422,0.0,0.0
2011-01-18,0.00043406879470677664,0.00043406879470677664,0.0,0.0
2011-01-19,0.003723256589589641,0.003723256589589641,0.0,0.0
2011-01-20,-0.02247943861499324,-0.02247943861499324,0.0,0.0
2011-01-21,0.008313483391811372,0.008313483391811372,0.0,0.0
2011-01-23,0.0,0.0,0.0,0.0
2011-01-24,-0.00944622521296734,-0.00944622521296734,0.0,0.0
2011-01-25,-0.01345618752152751,-0.01345618752152751,0.0,0.0
2011-01-26,0.01518853368350409,0.01518853368350409,0.0,0.0
2011-01-27,-0.014391642043670128,-0.014391642043670128,0.0,0.0
2011-01-28,-0.02739100329050318,-0.02739100329050318,0.0,0.0
2011-01-30,0.0,0.0,0.0,0.0
2011-01-31,-0.005851101807157666,-0.005851101807157666,0.0,0.0
2011-02-01,0.01843816234011042,0.01843816234011042,0.0,0.0
2011-02-01,0.0,-0.0006,0.3,20.0
2011-02-02,-0.001926772229710727,-0.001926772229710727,0.0,0.0
2011-02-03,-0.009072134027142853,-0.009072134027142853,0.0,0.0
2011-02-04,0.005724788075352572,0.005724788075352572,0.0,0.0
2011-02-06,0.0,0.0,0.0,0.0
2011-02-07,0.0015018231419393069,0.0015018231419393069,0.0,0.0
2011-02-08,0.00742708295822776,0.00742708295822776,0.0,0.0
2011-02-09,0.005958335450688957,0.005958335450688957,0.0,0.0
2011-02-10,-0.009343503312058476,-0.009343503312058476,0.0,0.0
2011-02-11,4.878203708635507e-06,4.878203708635507e-06,0.0,0.0
2011-02-13,0.0,0.0,0.0,0.0
2011-02-14,0.001326430288445834,0.001326430288445834,0.0,0.0
2011-02-15,0.0005903753843363838,0.0005903753843363838,0.0,0.0
2011-02-16,0.007215078041262491,0.007215078041262491,0.0,0.0
2011-02-17,-0.008808013499661049,-0.008808013499661049,0.0,0.0
2011-02-18,0.00037516471910217244,0.00037516471910217244,0.0,0.0
2011-02-20,0.0,0.0,0.0,0.0
2011-02-21,-0.014829679146489994,-0.014829679146489994,0.0,0.0
2011-02-22,-2.849199003285242e-05,-2.849199003285242e-05,0.0,0.0
2011-02-23,-0.006840196788551259,-0.006840196788551259,0.0,0.0
2011-02-24,-0.043647326104233705,-0.043647326104233705,0.0,0.0
2011-02-25,0.016858134540340356,0.016858134540340356,0.0,0.0
2011-02-27,0.0,0.0,0.0,0.0
2011-02-28,-0.003964035430162915,-0.003964035430162915,0.0,0.0
2011-03-01,0.0,-0.0006,0.3,20.0
2011-03-01,-0.024681382550491314,-0.024681382550491314,0.0,0.0
2011-03-02,-0.0033468738940126367,-0.0033468738940126367,0.0,0.0
2011-03-03,0.02276381499686484,0.02276381499686484,0.0,0.0
2011-03-04,0.015857504498432085,0.015857504498432085,0.0,0.0
2011-03-06,0.0,0.0,0.0,0.0
2011-03-07,-0.005555309677201914,-0.005555309677201914,0.0,0.0
2011-03-08,0.026155143317843063,0.026155143317843063,0.0,0.0
2011-03-09,0.005797937790688124,0.005797937790688124,0.0,0.0
2011-03-10,0.007979298744283082,0.007979298744283082,0.0,0.0
2011-03-11,0.008147352798760577,0.008147352798760577,0.0,0.0
2011-03-13,0.0,0.0,0.0,0.0
2011-03-14,0.0077569063161523465,0.0077569063161523465,0.0,0.0
2011-03-15,-0.009202334691619697,-0.009202334691619697,0.0,0.0
2011-03-16,-0.0010495664633583862,-0.0010495664633583862,0.0,0.0
2011-03-17,0.007368463462824915,0.007368463462824915,0.0,0.0
2011-03-18,0.007030461850367863,0.007030461850367863,0.0,0.0
2011-03-20,0.0,0.0,0.0,0.0
2011-03-21,0.011477932305810712,0.011477932305810712,0.0,0.0
2011-03-22,0.006681201821705706,0.006681201821705706,0.0,0.0
2011-03-23,-0.002549996675125077,-0.002549996675125077,0.0,0.0
2011-03-24,0.013140278848193555,0.013140278848193555,0.0,0.0
2011-03-25,0.00019416785365706807,0.00019416785365706807,0.0,0.0
2011-03-27,0.0,0.0,0.0,0.0
2011-03-28,-0.0009068605391295947,-0.0009068605391295947,0.0,0.0
2011-03-29,0.00377568705580863,0.00377568705580863,0.0,0.0
2011-03-30,0.008364722310180317,0.008364722310180317,0.0,0.0
2011-03-31,0.02094841516611473,0.02094841516611473,0.0,0.0
2011-04-01,0.0014360239046240179,0.0014360239046240179,0.0,0.0
2011-04-01,0.0,-0.0006,0.3,20.0
2011-04-03,0.0,0.0,0.0,0.0
2011-04-04,0.017432562170531685,0.017432562170531685,0.0,0.0
2011-04-05,0.001817199051820806,0.001817199051820806,0.0,0.0
2011-04-06,0.015121510461366406,0.015121510461366406,0.0,0.0
2011-04-07,-0.006785357706896733,-0.006785357706896733,0.0,0.0
2011-04-08,-0.0048350643117686335,-0.0048350643117686335,0.0,0.0
2011-04-10,0.0,0.0,0.0,0.0
2011-04-11,0.005331923033822494,0.005331923033822494,0.0,0.0
2011-04-12,0.0005860396722310313,0.0005860396722310313,0.0,0.0
2011-04-13,0.0116942592499929,0.0116942592499929,0.0,0.0
2011-04-14,-0.00363721883067758,-0.00363721883067758,0.0,0.0
2011-04-15,0.008172211702293576,0.008172211702293576,0.0,0.0
2011-04-17,0.0,0.0,0.0,0.0
2011-04-18,-0.018783858240139714,-0.018783858240139714,0.0,0.0
2011-04-19,0.021165733078600982,0.021165733078600982,0.0,0.0
2011-04-20,0.011205614045207046,0.011205614045207046,0.0,0.0
2011-04-21,0.01004428417740345,0.01004428417740345,0.0,0.0
2011-04-22,0.00728764431489445,0.00728764431489445,0.0,0.0
2011-04-24,0.0,0.0,0.0,0.0
2011-04-25,0.02212142533112838,0.02212142533112838,0.0,0.0
2011-04-26,-0.011322390057757736,-0.011322390057757736,0.0,0.0
2011-04-27,0.005709287035562261,0.005709287035562261,0.0,0.0
2011-04-28,0.017829533859800153,0.017829533859800153,0.0,0.0
2011-04-29,0.008655283176880257,0.008655283176880257,0.0,0.0
2011-05-01,0.0,0.0,0.0,0.0
2011-05-01,0.0,-0.0004,0.2,20.0
2011-05-02,0.00721465774515806,0.00721465774515806,0.0,0.0
2011-05-03,0.0026246046980500926,0.0026246046980500926,0.0,0.0
2011-05-04,-0.0030585026969489728,-0.0030585026969489728,0.0,0.0
2011-05-05,-0.012111786756864685,-0.012111786756864685,0.0,0.0
2011-05-06,-0.002344226702855257,-0.002344226702855257,0.0,0.0
2011-05-08,0.0,0.0,0.0,0.0
2011-05-09,0.007177761297706422,0.007177761297706422,0.0,0.0
2011-05-10,-0.014619368769163222,-0.014619368769163222,0.0,0.0
2011-05-11,0.02292231840116921,0.02292231840116921,0.0,0.0
2011-05-12,-0.004118263053144533,-0.004118263053144533,0.0,0.0
2011-05-13,-0.00899559309256446,-0.00899559309256446,0.0,0.0
2011-05-15,0.0,0.0,0.0,0.0
2011-05-16,9.182674631590462e-05,9.182674631590462e-05,0.0,0.0
2011-05-17,0.008657331382677326,0.008657331382677326,0.0,0.0
2011-05-18,-0.016173966019930666,-0.016173966019930666,0.0,0.0
2011-05-19,0.0,0.0,0.0,0.0
2011-05-20,-0.004876126019097359,-0.004876126019097359,0.0,0.0
2011-05-22,0.0,0.0,0.0,0.0
2011-05-23,-0.019283670374408923,-0.019283670374408923,0.0,0.0
2011-05-24,0.0213261171176809,0.0213261171176809,0.0,0.0
2011-05-25,0.010070171328125498,0.010070171328125498,0.0,0.0
2011-05-26,0.003140447988408346,0.003140447988408346,0.0,0.0
2011-05-27,-0.016320499848219303,-0.016320499848219303,0.0,0.0
2011-05-29,0.0,0.0,0.0,0.0
2011-05-30,-0.02433876533199915,-0.02433876533199915,0.0,0.0
2011-05-31,0.005742096374125582,0.005742096374125582,0.0,0.0
2011-06-01,0.01791480803662212,0.01791480803662212,0.0,0.0
2011-06-01,0.0,-0.0004,0.2,20.0
2011-06-02,0.0054547035738611305,0.0054547035738611305,0.0,0.0
2011-06-03,0.0032624130932028773,0.0032624130932028773,0.0,0.0
2011-06-05,0.0,0.0,0.0,0.0
2011-06-06,0.006545121475059568,0.006545121475059568,0.0,0.0
2011-06-07,0.0025734057185871845,0.0025734057185871845,0.0,0.0
2011-06-08,0.0011081367941980888,0.0011081367941980888,0.0,0.0
2011-06-09,-0.009671692551236878,-0.009671692551236878,0.0,0.0
2011-06-10,0.0026036606420582363,0.0026036606420582363,0.0,0.0
2011-06-12,0.0,0.0,0.0,0.0
2011-06-13,0.007966140186739613,0.007966140186739613,0.0,0.0
2011-06-14,-0.008264747812979723,-0.008264747812979723,0.0,0.0
2011-06-15,-0.019087079224957493,-0.019087079224957493,0.0,0.0
2011-06-16,-0.024247006691783392,-0.024247006691783392,0.0,0.0
2011-06-17,0.013821296787031867,0.013821296787031867,0.0,0.0
2011-06-19,0.0,0.0,0.0,0.0
2011-06-20,-0.008985316379638696,-0.008985316379638696,0.0,0.0
2011-06-21,0.008118644495764493,0.008118644495764493,0.0,0.0
2011-06-22,-0.01237067807688107,-0.01237067807688107,0.0,0.0
2011-06-23,-0.0013088007893115707,-0.0013088007893115707,0.0,0.0
2011-06-24,0.015402425414639546,0.015402425414639546,0.0,0.0
2011-06-26,0.0,0.0,0.0,0.0
2011-06-27,0.004213590054245942,0.004213590054245942,0.0,0.0
2011-06-28,0.014116041246263578,0.014116041246263578,0.0,0.0
2011-06-29,0.0015094150735014962,0.0015094150735014962,0.0,0.0
2011-06-30,0.005625059439879488,0.005625059439879488,0.0,0.0
2011-07-01,0.0,-0.0006,0.3,20.0
2011-07-01,0.002011630646679974,0.002011630646679974,0.0,0.0
2011-07-03,0.0,0.0,0.0,0.0
2011-07-04,0.009799640423336465,0.009799640423336465,0.0,0.0
2011-07-05,-0.009805067801090485,-0.009805067801090485,0.0,0.0
2011-07-06,-0.011778804440465961,-0.011778804440465961,0.0,0.0
2011-07-07,0.0013473028853434486,0.0013473028853434486,0.0,0.0
2011-07-08,-0.0006370158270653457,-0.0006370158270653457,0.0,0.0
2011-07-10,0.0,0.0,0.0,0.0
2011-07-11,-0.0037171871434444896,-0.0037171871434444896,0.0,0.0
2011-07-12,-0.005241912465285759,-0.005241912465285759,0.0,0.0
2011-07-13,0.008676756537232277,0.008676756537232277,0.0,0.0
2011-07-14,-0.0022889534955221054,-0.0022889534955221054,0.0,0.0
2011-07-15,0.004869515318269624,0.004869515318269624,0.0,0.0
2011-07-17,0.0,0.0,0.0,0.0
2011-07-18,-0.0020832337524418713,-0.0020832337524418713,0.0,0.0
2011-07-19,0.0033588512226091286,0.0033588512226091286,0.0,0.0
2011-07-20,-0.013194193120626852,-0.013194193120626852,0.0,0.0
2011-07-21,-0.01322165989339622,-0.01322165989339622,0.0,0.0
2011-07-22,-0.019135476933909365,-0.019135476933909365,0.0,0.0
2011-07-24,0.0,0.0,0.0,0.0
2011-07-25,0.007398487735786198,0.007398487735786198,0.0,0.0
2011-07-26,0.012098195057683817,0.012098195057683817,0.0,0.0
2011-07-27,0.005139365627196191,0.005139365627196191,0.0,0.0
2011-07-28,0.007485291652316395,0.007485291652316395,0.0,0.0
2011-07-29,-0.010475622918402117,-0.010475622918402117,0.0,0.0
2011-07-31,0.0,0.0,0.0,0.0
2011-08-01,-0.0008273122137254283,-0.0008273122137254283,0.0,0.0
2011-08-01,0.0,-0.0004,0.2,20.0
2011-08-02,-0.012043020400570481,-0.012043020400570481,0.0,0.0
2011-08-03,-0.017311013954901824,-0.017311013954901824,0.0,0.0
2011-08-04,-0.01718303425330794,-0.01718303425330794,0.0,0.0
2011-08-05,-0.05779899216246939,-0.05779899216246939,0.0,0.0
2011-08-07,0.0,0.0,0.0,0.0
2011-08-08,-0.0764873044560779,-0.0764873044560779,0.0,0.0
2011-08-09,0.0006340342142999605,0.0006340342142999605,0.0,0.0
2011-08-10,-0.015485780962506123,-0.015485780962506123,0.0,0.0
2011-08-11,0.061665358009103964,0.061665358009103964,0.0,0.0
2011-08-12,0.008417316051025194,0.008417316051025194,0.0,0.0
2011-08-14,0.0,0.0,0.0,0.0
2011-08-15,0.021438477270660283,0.021438477270660283,0.0,0.0
2011-08-16,0.005421402216705884,0.005421402216705884,0.0,0.0
2011-08-17,0.006675237351040575,0.006675237351040575,0.0,0.0
2011-08-18,-0.03337966213823815,-0.03337966213823815,0.0,0.0
2011-08-19,0.018277892212299564,0.018277892212299564,0.0,0.0
2011-08-21,0.0,0.0,0.0,0.0
2011-08-22,-0.004635645274606926,-0.004635645274606926,0.0,0.0
2011-08-23,-0.017151952982725573,-0.017151952982725573,0.0,0.0
2011-08-24,0.000292944117610217,0.000292944117610217,0.0,0.0
2011-08-25,-0.00015454622772811434,-0.00015454622772811434,0.0,0.0
2011-08-26,0.009688039463772925,0.009688039463772925,0.0,0.0
2011-08-28,0.0,0.0,0.0,0.0
2011-08-29,0.000619102539296834,0.000619102539296834,0.0,0.0
2011-08-30,0.0,0.0,0.0,0.0
2011-08-30,0.0,-0.0016,0.8,20.0
2011-08-31,0.0,0.0,0.0,0.0
2011-09-01,0.0,0.0,0.0,0.0
2011-09-01,0.0,-0.002,1.0,20.0
2011-09-02,0.030156911000136247,0.030156911000136247,0.0,0.0
2011-09-04,0.0,0.0,0.0,0.0
2011-09-05,-0.016352804289719573,-0.016352804289719573,0.0,0.0
2011-09-06,0.012475987752850182,0.012475987752850182,0.0,0.0
2011-09-07,0.008808400568820108,0.008808400568820108,0.0,0.0
2011-09-08,0.023917397425368504,0.023917397425368504,0.0,0.0
2011-09-09,-0.019335037002013056,-0.019335037002013056,0.0,0.0
2011-09-11,0.0,0.0,0.0,0.0
2011-09-12,-0.006261640324986674,-0.006261640324986674,0.0,0.0
2011-09-13,0.014872721606237161,0.014872721606237161,0.0,0.0
2011-09-14,-0.0015927902437155028,-0.0015927902437155028,0.0,0.0
2011-09-15,0.021623550155445925,0.021623550155445925,0.0,0.0
2011-09-16,0.010845941650641878,0.010845941650641878,0.0,0.0
2011-09-18,0.0,0.0,0.0,0.0
2011-09-19,-0.0013163491488766832,-0.0013163491488766832,0.0,0.0
2011-09-20,0.023966543319887904,0.023966543319887904,0.0,0.0
2011-09-21,0.0010450158470731163,0.0010450158470731163,0.0,0.0
2011-09-22,-0.04925498093068926,-0.04925498093068926,0.0,0.0
2011-09-23,-0.018362720448063852,-0.018362720448063852,0.0,0.0
2011-09-25,0.0,0.0,0.0,0.0
2011-09-26,0.017340881941840514,0.017340881941840514,0.0,0.0
2011-09-27,0.05223786739682512,0.05223786739682512,0.0,0.0
2011-09-28,0.015269126117348363,0.015269126117348363,0.0,0.0
2011-09-29,0.014852461254384663,0.014852461254384663,0.0,0.0
2011-09-30,-0.006351443200413587,-0.006351443200413587,0.0,0.0
2011-10-02,0.0,0.0,0.0,0.0
2011-10-02,0.0,-0.0004,0.2,20.0
2011-10-03,0.0005872588043805084,0.0005872588043805084,0.0,0.0
2011-10-04,-0.03578234045918003,-0.03578234045918003,0.0,0.0
2011-10-05,0.005862514118267415,0.005862514118267415,0.0,0.0
2011-10-06,0.003049361120555772,0.003049361120555772,0.0,0.0
2011-10-07,0.006028338153460945,0.006028338153460945,0.0,0.0
2011-10-09,0.0,0.0,0.0,0.0
2011-10-10,0.017191459918756972,0.017191459918756972,0.0,0.0
2011-10-11,0.0050151964585062655,0.0050151964585062655,0.0,0.0
2011-10-12,0.0075350093772083475,0.0075350093772083475,0.0,0.0
2011-10-13,-0.007739419108235058,-0.007739419108235058,0.0,0.0
2011-10-14,0.003081563278824173,0.003081563278824173,0.0,0.0
2011-10-16,0.0,0.0,0.0,0.0
2011-10-17,-0.005602221165800936,-0.005602221165800936,0.0,0.0
2011-10-18,0.0024163670840192776,0.0024163670840192776,0.0,0.0
2011-10-19,-0.008802579629698482,-0.008802579629698482,0.0,0.0
2011-10-20,-0.013555257524296692,-0.013555257524296692,0.0,0.0
2011-10-21,0.01641170456104184,0.01641170456104184,0.0,0.0
2011-10-23,0.0,0.0,0.0,0.0
2011-10-24,0.008882684483562053,0.008882684483562053,0.0,0.0
2011-10-25,-0.00511842824248282,-0.00511842824248282,0.0,0.0
2011-10-26,-0.007988870104850932,-0.007988870104850932,0.0,0.0
2011-10-27,0.027790150586495678,0.027790150586495678,0.0,0.0
2011-10-28,0.005087266900190469,0.005087266900190469,0.0,0.0
2011-10-30,0.0,0.0,0.0,0.0
2011-10-31,-0.025377134819267066,-0.025377134819267066,0.0,0.0
2011-11-01,-0.02582836505060853,-0.02582836505060853,0.0,0.0
2011-11-01,0.0,-0.0004,0.2,20.0
2011-11-02,0.008658153351659093,0.008658153351659093,0.0,0.0
2011-11-03,0.012981024172984468,0.012981024172984468,0.0,0.0
2011-11-04,0.006678670773016483,0.006678670773016483,0.0,0.0
2011-11-06,0.0,0.0,0.0,0.0
2011-11-07,0.0,0.0,0.0,0.0
2011-11-08,0.0,0.0,0.0,0.0
2011-11-09,0.0,0.0,0.0,0.0
2011-11-10,0.008938252656586421,0.008938252656586421,0.0,0.0
2011-11-11,-0.003493047747129719,-0.003493047747129719,0.0,0.0
2011-11-13,0.0,0.0,0.0,0.0
2011-11-14,-0.005617635700561631,-0.005617635700561631,0.0,0.0
2011-11-15,0.003028354134253064,0.003028354134253064,0.0,0.0
2011-11-16,0.0014577116667399363,0.0014577116667399363,0.0,0.0
2011-11-17,-0.007289402506027687,-0.007289402506027687,0.0,0.0
2011-11-18,-0.009189177164768803,-0.009189177164768803,0.0,0.0
2011-11-20,0.0,0.0,0.0,0.0
2011-11-21,-0.02221656912568746,-0.02221656912568746,0.0,0.0
2011-11-22,-0.011566994184222868,-0.011566994184222868,0.0,0.0
2011-11-23,-0.02006085713805269,-0.02006085713805269,0.0,0.0
2011-11-24,-0.019768962341049034,-0.019768962341049034,0.0,0.0
2011-11-25,0.012671864578533731,0.012671864578533731,0.0,0.0
2011-11-27,0.0,0.0,0.0,0.0
2011-11-28,0.012640046559033748,0.012640046559033748,0.0,0.0
2011-11-29,-0.0162415575808633,-0.0162415575808633,0.0,0.0
2011-11-30,0.03517671512077789,0.03517671512077789,0.0,0.0
2011-12-01,0.0,-0.0006,0.3,20.0
2011-12-01,-0.0072297402746021805,-0.0072297402746021805,0.0,0.0
2011-12-02,0.003373579411391936,0.003373579411391936,0.0,0.0
2011-12-04,0.0,0.0,0.0,0.0
2011-12-05,-9.484071850401898e-05,-9.484071850401898e-05,0.0,0.0
2011-12-06,-0.002740501853138822,-0.002740501853138822,0.0,0.0
2011-12-07,0.014449285999879958,0.014449285999879958,0.0,0.0
2011-12-08,-0.016389641315281665,-0.016389641315281665,0.0,0.0
2011-12-09,0.0016965495385617862,0.0016965495385617862,0.0,0.0
2011-12-11,0.0,0.0,0.0,0.0
2011-12-12,-0.025684695042825882,-0.025684695042825882,0.0,0.0
2011-12-13,0.005921331094061345,0.005921331094061345,0.0,0.0
2011-12-14,-0.02324891224814889,-0.02324891224814889,0.0,0.0
2011-12-15,0.002541871038329402,0.002541871038329402,0.0,0.0
2011-12-16,-0.008024034448143404,-0.008024034448143404,0.0,0.0
2011-12-18,0.0,0.0,0.0,0.0
2011-12-19,-0.0127107313227507,-0.0127107313227507,0.0,0.0
2011-12-20,0.020460126977316785,0.020460126977316785,0.0,0.0
2011-12-21,0.0054279967347417475,0.0054279967347417475,0.0,0.0
2011-12-22,0.0024802633834770443,0.0024802633834770443,0.0,0.0
2011-12-23,0.005655505004717811,0.005655505004717811,0.0,0.0
2011-12-25,0.0,0.0,0.0,0.0
2011-12-26,0.006597729281204346,0.006597729281204346,0.0,0.0
2011-12-27,0.021613278167349946,0.021613278167349946,0.0,0.0
2011-12-28,-0.009869871601114745,-0.009869871601114745,0.0,0.0
2011-12-29,-0.010435027825783027,-0.010435027825783027,0.0,0.0
2011-12-30,-0.007145211522119367,-0.007145211522119367,0.0,0.0
2011-12-31,0.0,0.0,0.0,0.0
2011-12-31,0.0,-0.0020000000000000005,1.0000000000000002,20.0
2012-01-01,0.0,0.0,0.0,0.0
2012-01-01,0.0,-0.0020000000000000005,1.0000000000000002,20.0
2012-01-02,0.010911013902209188,0.010911013902209188,0.0,0.0
2012-01-03,0.008292209938160955,0.008292209938160955,0.0,0.0
2012-01-04,-0.029667917584149363,-0.029667917584149363,0.0,0.0
2012-01-05,-0.006688283048442146,-0.006688283048442146,0.0,0.0
2012-01-06,-0.0075391298155259474,-0.0075391298155259474,0.0,0.0
2012-01-08,0.0,0.0,0.0,0.0
2012-01-09,-0.00474074868166785,-0.00474074868166785,0.0,0.0
2012-01-10,0.01836296761074581,0.01836296761074581,0.0,0.0
2012-01-11,0.00541622613045103,0.00541622613045103,0.0,0.0
2012-01-12,0.008215869500576801,0.008215869500576801,0.0,0.0
2012-01-13,-0.002141302904317055,-0.002141302904317055,0.0,0.0
2012-01-15,0.0,0.0,0.0,0.0
2012-01-16,0.01795739548225861,0.01795739548225861,0.0,0.0
2012-01-17,0.024611203731557743,0.024611203731557743,0.0,0.0
2012-01-18,0.005231492932225624,0.005231492932225624,0.0,0.0
2012-01-19,-0.005317952239135171,-0.005317952239135171,0.0,0.0
2012-01-20,-0.0007775891736841677,-0.0007775891736841677,0.0,0.0
2012-01-22,0.0,0.0,0.0,0.0
2012-01-23,0.013056169403251862,0.013056169403251862,0.0,0.0
2012-01-24,0.0009216593084178883,0.0009216593084178883,0.0,0.0
2012-01-25,-0.011187006522585353,-0.011187006522585353,0.0,0.0
2012-01-26,0.01877010850952621,0.01877010850952621,0.0,0.0
2012-01-27,0.003069480602749086,0.003069480602749086,0.0,0.0
2012-01-29,0.0,0.0,0.0,0.0
2012-01-30,0.0035525202891120607,0.0035525202891120607,0.0,0.0
2012-01-31,0.00033087770107323965,0.00033087770107323965,0.0,0.0
2012-02-01,0.028492123101518364,0.028492123101518364,0.0,0.0
2012-02-01,0.0,-0.0006,0.3,20.0
2012-02-02,0.01392547169076034,0.01392547169076034,0.0,0.0
2012-02-03,-0.0017603794189076205,-0.0017603794189076205,0.0,0.0
2012-02-05,0.0,0.0,0.0,0.0
2012-02-06,-0.004101347924039078,-0.004101347924039078,0.0,0.0
2012-02-07,0.02016997332035214,0.02016997332035214,0.0,0.0
2012-02-08,0.017031119204342103,0.017031119204342103,0.0,0.0
2012-02-09,-0.018022484056790904,-0.018022484056790904,0.0,0.0
2012-02-10,-0.0011548098870819306,-0.0011548098870819306,0.0,0.0
2012-02-12,0.0,0.0,0.0,0.0
2012-02-13,0.02596877217428415,0.02596877217428415,0.0,0.0
2012-02-14,-0.022116522863026844,-0.022116522863026844,0.0,0.0
2012-02-15,-0.005065923308969478,-0.005065923308969478,0.0,0.0
2012-02-16,0.009066197017399415,0.009066197017399415,0.0,0.0
2012-02-17,0.009488543540806107,0.009488543540806107,0.0,0.0
2012-02-19,0.0,0.0,0.0,0.0
2012-02-20,-0.0011603603986967026,-0.0011603603986967026,0.0,0.0
2012-02-21,-0.00044800580554129623,-0.00044800580554129623,0.0,0.0
2012-02-22,-0.0033257698685839163,-0.0033257698685839163,0.0,0.0
2012-02-23,-0.012043442950923855,-0.012043442950923855,0.0,0.0
2012-02-24,0.0034684900951316043,0.0034684900951316043,0.0,0.0
2012-02-26,0.0,0.0,0.0,0.0
2012-02-27,-0.010637880455634087,-0.010637880455634087,0.0,0.0
2012-02-28,0.017949161230292776,0.017949161230292776,0.0,0.0
2012-02-29,0.006373858937409671,0.006373858937409671,0.0,0.0
2012-03-01,-0.00143271670766848,-0.00143271670766848,0.0,0.0
2012-03-01,0.0,-0.0004,0.2,20.0
2012-03-02,0.0013525879775245215,0.0013525879775245215,0.0,0.0
2012-03-04,0.0,0.0,0.0,0.0
2012-03-05,0.0001473718016248959,0.0001473718016248959,0.0,0.0
2012-03-06,-0.00727859996441841,-0.00727859996441841,0.0,0.0
2012-03-07,0.00448883048982196,0.00448883048982196,0.0,0.0
2012-03-08,-0.0022698441087749665,-0.0022698441087749665,0.0,0.0
2012-03-09,-0.0016520043981719911,-0.0016520043981719911,0.0,0.0
2012-03-11,0.0,0.0,0.0,0.0
2012-03-12,-0.00992678752634073,-0.00992678752634073,0.0,0.0
2012-03-13,0.004482020749453353,0.004482020749453353,0.0,0.0
2012-03-14,0.013616560031662627,0.013616560031662627,0.0,0.0
2012-03-15,0.005755833216342021,0.005755833216342021,0.0,0.0
2012-03-16,0.004260573249097932,0.004260573249097932,0.0,0.0
2012-03-18,0.0,0.0,0.0,0.0
2012-03-19,0.00786485178451234,0.00786485178451234,0.0,0.0
2012-03-20,0.0029591431499471073,0.0029591431499471073,0.0,0.0
2012-03-21,0.01644162206815213,0.01644162206815213,0.0,0.0
2012-03-22,0.006517235511637221,0.006517235511637221,0.0,0.0
2012-03-23,-0.012469721653867538,-0.012469721653867538,0.0,0.0
2012-03-25,0.0,0.0,0.0,0.0
2012-03-26,0.026712661325369404,0.026712661325369404,0.0,0.0
2012-03-27,-0.006174683363619793,-0.006174683363619793,0.0,0.0
2012-03-28,-0.02003241740852999,-0.02003241740852999,0.0,0.0
2012-03-29,-0.002640419178693454,-0.002640419178693454,0.0,0.0
2012-03-30,0.007492111894400987,0.007492111894400987,0.0,0.0
2012-03-31,0.0,0.0,0.0,0.0
2012-03-31,0.0,-0.0020000000000000005,1.0000000000000002,20.0
2012-04-01,0.0,0.0,0.0,0.0
2012-04-01,0.0,-0.0020000000000000005,1.0000000000000002,20.0
2012-04-02,0.005029942978022318,0.005029942978022318,0.0,0.0
2012-04-03,-0.0024931005114620097,-0.0024931005114620097,0.0,0.0
2012-04-04,-0.007000719668490818,-0.007000719668490818,0.0,0.0
2012-04-05,0.0019355530776866245,0.0019355530776866245,0.0,0.0
2012-04-06,-0.009441700652402074,-0.009441700652402074,0.0,0.0
2012-04-08,0.0,0.0,0.0,0.0
2012-04-09,0.0011576474124989856,0.0011576474124989856,0.0,0.0
2012-04-10,-0.015689040862218586,-0.015689040862218586,0.0,0.0
2012-04-11,-0.004470678858787668,-0.004470678858787668,0.0,0.0
2012-04-12,0.01245210153660188,0.01245210153660188,0.0,0.0
2012-04-13,-0.010582732232830804,-0.010582732232830804,0.0,0.0
2012-04-15,0.0,0.0,0.0,0.0
2012-04-16,0.00823470075086481,0.00823470075086481,0.0,0.0
2012-04-17,0.0062652680883208195,0.0062652680883208195,0.0,0.0
2012-04-18,0.003903590289863813,0.003903590289863813,0.0,0.0
2012-04-19,0.0012359381503817323,0.0012359381503817323,0.0,0.0
2012-04-20,0.012151106241415088,0.012151106241415088,0.0,0.0
2012-04-22,0.0,0.0,0.0,0.0
2012-04-23,0.0,0.0,0.0,0.0
2012-04-24,0.027925920113089434,0.027925920113089434,0.0,0.0
2012-04-25,-0.024922221184153562,-0.024922221184153562,0.0,0.0
2012-04-26,0.017696246934574947,0.017696246934574947,0.0,0.0
2012-04-27,0.004038668089868603,0.004038668089868603,0.0,0.0
2012-04-29,0.0,0.0,0.0,0.0
2012-04-30,-0.0017179975115934948,-0.0017179975115934948,0.0,0.0
2012-05-01,0.0,-0.0006,0.3,20.0
2012-05-01,0.0,0.0,0.0,0.0
2012-05-02,-0.01606858901440833,-0.01606858901440833,0.0,0.0
2012-05-03,0.0019365855303874475,0.0019365855303874475,0.0,0.0
2012-05-04,-0.01420173201522441,-0.01420173201522441,0.0,0.0
2012-05-06,0.0,0.0,0.0,0.0
2012-05-07,-0.004917815928055469,-0.004917815928055469,0.0,0.0
2012-05-08,0.007409609170122888,0.007409609170122888,0.0,0.0
2012-05-09,-0.009364131608459003,-0.009364131608459003,0.0,0.0
2012-05-10,0.010417048735863566,0.010417048735863566,0.0,0.0
2012-05-11,0.001001639852494596,0.001001639852494596,0.0,0.0
2012-05-13,0.0,0.0,0.0,0.0
2012-05-14,-0.01959200366057199,-0.01959200366057199,0.0,0.0
2012-05-15,-0.00719349616899192,-0.00719349616899192,0.0,0.0
2012-05-16,0.0038842961383147028,0.0038842961383147028,0.0,0.0
2012-05-17,-0.016313486378972387,-0.016313486378972387,0.0,0.0
2012-05-18,-0.01832141383224435,-0.01832141383224435,0.0,0.0
2012-05-20,0.0,0.0,0.0,0.0
2012-05-21,-0.0019231952549498394,-0.0019231952549498394,0.0,0.0
2012-05-22,0.005194155902126341,0.005194155902126341,0.0,0.0
2012-05-23,-0.01818169359635252,-0.01818169359635252,0.0,0.0
2012-05-24,-0.02055213003659496,-0.02055213003659496,0.0,0.0
2012-05-25,0.001495350012601082,0.001495350012601082,0.0,0.0
2012-05-27,0.0,0.0,0.0,0.0
2012-05-28,-0.0007800708782572329,-0.0007800708782572329,0.0,0.0
2012-05-29,0.009993257326104387,0.009993257326104387,0.0,0.0
2012-05-30,-0.004124027449259483,-0.004124027449259483,0.0,0.0
2012-05-31,0.001392926529766437,0.001392926529766437,0.0,0.0
2012-06-01,0.0032021856903836745,0.0032021856903836745,0.0,0.0
2012-06-01,0.0,-0.0006,0.3,20.0
2012-06-03,0.0,0.0,0.0,0.0
2012-06-04,0.002985681594930245,0.002985681594930245,0.0,0.0
2012-06-05,0.016674482583097252,0.016674482583097252,0.0,0.0
2012-06-06,-0.0028034110992465455,-0.0028034110992465455,0.0,0.0
2012-06-07,0.013952372383204703,0.013952372383204703,0.0,0.0
2012-06-08,0.004625635493623071,0.004625635493623071,0.0,0.0
2012-06-10,0.0,0.0,0.0,0.0
2012-06-11,-0.0001885089396783889,-0.0001885089396783889,0.0,0.0
2012-06-12,0.00039328741191325695,0.00039328741191325695,0.0,0.0
2012-06-13,0.0052488217366781775,0.0052488217366781775,0.0,0.0
2012-06-14,-0.0016509353716174903,-0.0016509353716174903,0.0,0.0
2012-06-15,0.0030786662492557123,0.0030786662492557123,0.0,0.0
2012-06-17,0.0,0.0,0.0,0.0
2012-06-18,-0.0025697895035951884,-0.0025697895035951884,0.0,0.0
2012-06-19,0.010997979961415872,0.010997979961415872,0.0,0.0
2012-06-20,0.0019319740560039711,0.0019319740560039711,0.0,0.0
2012-06-21,0.00482959746624252,0.00482959746624252,0.0,0.0
2012-06-22,-0.004665784732424749,-0.004665784732424749,0.0,0.0
2012-06-24,0.0,0.0,0.0,0.0
2012-06-25,-0.01621999297131408,-0.01621999297131408,0.0,0.0
2012-06-26,0.007810350464930994,0.007810350464930994,0.0,0.0
2012-06-27,0.00650956217315507,0.00650956217315507,0.0,0.0
2012-06-28,-0.0066058395963888746,-0.0066058395963888746,0.0,0.0
2012-06-29,0.02002288436859441,0.02002288436859441,0.0,0.0
2012-06-30,0.0,0.0,0.0,0.0
2012-06-30,0.0,-0.0020000000000000005,1.0000000000000002,20.0
2012-07-01,0.0,0.0,0.0,0.0
2012-07-01,0.0,-0.0020000000000000005,1.0000000000000002,20.0
2012-07-02,0.01255810802183829,0.01255810802183829,0.0,0.0
2012-07-03,0.01927526213974089,0.01927526213974089,0.0,0.0
2012-07-04,-0.0064254012032939015,-0.0064254012032939015,0.0,0.0
2012-07-05,-0.00970776486695073,-0.00970776486695073,0.0,0.0
2012-07-06,0.006012532547802818,0.006012532547802818,0.0,0.0
2012-07-08,0.0,0.0,0.0,0.0
2012-07-09,0.006202591385780565,0.006202591385780565,0.0,0.0
2012-07-10,0.0023728971578971247,0.0023728971578971247,0.0,0.0
2012-07-11,-0.004007908273101802,-0.004007908273101802,0.0,0.0
2012-07-12,-0.005602480718847192,-0.005602480718847192,0.0,0.0
2012-07-13,0.00102501086333604,0.00102501086333604,0.0,0.0
2012-07-15,0.0,0.0,0.0,0.0
2012-07-16,0.0012411897852167343,0.0012411897852167343,0.0,0.0
2012-07-17,-0.0030604367481466225,-0.0030604367481466225,0.0,0.0
2012-07-18,-0.003745697733057984,-0.003745697733057984,0.0,0.0
2012-07-19,0.0016921653840729074,0.0016921653840729074,0.0,0.0
2012-07-20,-0.0029893530168173203,-0.0029893530168173203,0.0,0.0
2012-07-22,0.0,0.0,0.0,0.0
2012-07-23,-0.018872950144902756,-0.018872950144902756,0.0,0.0
2012-07-24,0.0036087581373866803,0.0036087581373866803,0.0,0.0
2012-07-25,0.007129103315000296,0.007129103315000296,0.0,0.0
2012-07-26,0.018970372347265896,0.018970372347265896,0.0,0.0
2012-07-27,0.005375062382373518,0.005375062382373518,0.0,0.0
2012-07-29,0.0,0.0,0.0,0.0
2012-07-30,0.005772045409972959,0.005772045409972959,0.0,0.0
2012-07-31,-0.009913086907012992,-0.009913086907012992,0.0,0.0
2012-08-01,-0.0068980519948138586,-0.0068980519948138586,0.0,0.0
2012-08-01,0.0,-0.0007999999999999999,0.39999999999999997,20.0
2012-08-02,-0.007190447586099203,-0.007190447586099203,0.0,0.0
2012-08-03,0.005826733742335366,0.005826733742335366,0.0,0.0
2012-08-05,0.0,0.0,0.0,0.0
2012-08-06,0.006395907705100468,0.006395907705100468,0.0,0.0
2012-08-07,-0.0038148225916724296,-0.0038148225916724296,0.0,0.0
2012-08-08,0.011276566694957846,0.011276566694957846,0.0,0.0
2012-08-09,-0.004352204675014449,-0.004352204675014449,0.0,0.0
2012-08-10,0.012756964805589414,0.012756964805589414,0.0,0.0
2012-08-12,0.0,0.0,0.0,0.0
2012-08-13,-0.003113508473467741,-0.003113508473467741,0.0,0.0
2012-08-14,-0.008081304837914272,-0.008081304837914272,0.0,0.0
2012-08-15,-0.002213691921391814,-0.002213691921391814,0.0,0.0
2012-08-16,-9.62427596001179e-05,-9.62427596001179e-05,0.0,0.0
2012-08-17,0.005077088368729399,0.005077088368729399,0.0,0.0
2012-08-19,0.0,0.0,0.0,0.0
2012-08-20,0.0,0.0,0.0,0.0
2012-08-21,0.0,0.0,0.0,0.0
2012-08-22,0.004615318170898309,0.004615318170898309,0.0,0.0
2012-08-23,0.0022668716418466463,0.0022668716418466463,0.0,0.0
2012-08-24,0.0042172112111379615,0.0042172112111379615,0.0,0.0
2012-08-26,0.0,0.0,0.0,0.0
2012-08-27,0.004132521909166842,0.004132521909166842,0.0,0.0
2012-08-28,0.003925674992041462,0.003925674992041462,0.0,0.0
2012-08-29,0.0006006567600860822,0.0006006567600860822,0.0,0.0
2012-08-30,0.0,0.0,0.0,0.0
2012-08-31,0.013317476466133184,0.013317476466133184,0.0,0.0
2012-09-02,0.0,0.0,0.0,0.0
2012-09-02,0.0,-0.0007999999999999999,0.39999999999999997,20.0
2012-09-03,0.003819926323797951,0.003819926323797951,0.0,0.0
2012-09-04,-0.009485251584281852,-0.009485251584281852,0.0,0.0
2012-09-05,0.0031179746306567945,0.0031179746306567945,0.0,0.0
2012-09-06,0.004898719155679143,0.004898719155679143,0.0,0.0
2012-09-07,0.004557037291720568,0.004557037291720568,0.0,0.0
2012-09-09,0.0,0.0,0.0,0.0
2012-09-10,0.001246980594276026,0.001246980594276026,0.0,0.0
2012-09-11,-0.002637777109912664,-0.002637777109912664,0.0,0.0
2012-09-12,0.005619361864666839,0.005619361864666839,0.0,0.0
2012-09-13,-0.0023161222401039466,-0.0023161222401039466,0.0,0.0
2012-09-14,0.016321926539993092,0.016321926539993092,0.0,0.0
2012-09-16,0.0,0.0,0.0,0.0
2012-09-17,-0.00241640833991319,-0.00241640833991319,0.0,0.0
2012-09-18,0.0015102135604393662,0.0015102135604393662,0.0,0.0
2012-09-19,-0.0023555824365843027,-0.0023555824365843027,0.0,0.0
2012-09-20,0.0017172152719966637,0.0017172152719966637,0.0,0.0
2012-09-21,0.001111324584775331,0.001111324584775331,0.0,0.0
2012-09-23,0.0,0.0,0.0,0.0
2012-09-24,-0.005744667164828864,-0.005744667164828864,0.0,0.0
2012-09-25,0.0027274354864715755,0.0027274354864715755,0.0,0.0
2012-09-26,-0.01172629113145034,-0.01172629113145034,0.0,0.0
2012-09-27,-0.003915014095584068,-0.003915014095584068,0.0,0.0
2012-09-28,-0.003282739371209909,-0.003282739371209909,0.0,0.0
2012-09-30,0.0,0.0,0.0,0.0
2012-10-01,0.0,-0.0004,0.2,20.0
2012-10-01,-0.001825209886059287,-0.001825209886059287,0.0,0.0
2012-10-02,0.01122973259679947,0.01122973259679947,0.0,0.0
2012-10-03,-0.007419939509224217,-0.007419939509224217,0.0,0.0
2012-10-04,-0.008397167550480002,-0.008397167550480002,0.0,0.0
2012-10-05,0.0021604783915141756,0.0021604783915141756,0.0,0.0
2012-10-07,0.0,0.0,0.0,0.0
2012-10-08,-0.003596417465170654,-0.003596417465170654,0.0,0.0
2012-10-09,0.0024625682346672284,0.0024625682346672284,0.0,0.0
2012-10-10,0.001668918505200079,0.001668918505200079,0.0,0.0
2012-10-11,0.018282841142263487,0.018282841142263487,0.0,0.0
2012-10-12,0.0022963751324060586,0.0022963751324060586,0.0,0.0
2012-10-14,0.0,0.0,0.0,0.0
2012-10-15,-0.005074744977219858,-0.005074744977219858,0.0,0.0
2012-10-16,0.00787676086143847,0.00787676086143847,0.0,0.0
2012-10-17,0.0049238406901187855,0.0049238406901187855,0.0,0.0
2012-10-18,0.004494548336307835,0.004494548336307835,0.0,0.0
2012-10-19,-0.0009167848749047748,-0.0009167848749047748,0.0,0.0
2012-10-21,0.0,0.0,0.0,0.0
2012-10-22,0.002767362901058679,0.002767362901058679,0.0,0.0
2012-10-23,0.0023939556949249315,0.0023939556949249315,0.0,0.0
2012-10-24,3.1200735413583654e-05,3.1200735413583654e-05,0.0,0.0
2012-10-25,0.0,0.0,0.0,0.0
2012-10-26,0.0,0.0,0.0,0.0
2012-10-28,0.0,0.0,0.0,0.0
2012-10-29,0.0,0.0,0.0,0.0
2012-10-30,0.0032561586853766425,0.0032561586853766425,0.0,0.0
2012-10-31,0.00979832809270208,0.00979832809270208,0.0,0.0
2012-11-01,-0.007574135672806116,-0.007574135672806116,0.0,0.0
2012-11-01,0.0,-0.0002,0.1,20.0
2012-11-02,0.004828555963414305,0.004828555963414305,0.0,0.0
2012-11-04,0.0,0.0,0.0,0.0
2012-11-05,0.02546390935446601,0.02546390935446601,0.0,0.0
2012-11-06,-0.004566935201606026,-0.004566935201606026,0.0,0.0
2012-11-07,-0.004706403159210882,-0.004706403159210882,0.0,0.0
2012-11-08,-0.0028331655223742588,-0.0028331655223742588,0.0,0.0
2012-11-09,-0.010741983413389345,-0.010741983413389345,0.0,0.0
2012-11-11,0.0,0.0,0.0,0.0
2012-11-12,-0.0076358034923799225,-0.0076358034923799225,0.0,0.0
2012-11-13,0.016928041194770694,0.016928041194770694,0.0,0.0
2012-11-14,-0.002039958477933779,-0.002039958477933779,0.0,0.0
2012-11-15,-0.0006418305935301907,-0.0006418305935301907,0.0,0.0
2012-11-16,0.006778036329141725,0.006778036329141725,0.0,0.0
2012-11-18,0.0,0.0,0.0,0.0
2012-11-19,0.003000594254563649,0.003000594254563649,0.0,0.0
2012-11-20,0.008368767487198439,0.008368767487198439,0.0,0.0
2012-11-21,-0.0044561582949071525,-0.0044561582949071525,0.0,0.0
2012-11-22,-0.005088171341340919,-0.005088171341340919,0.0,0.0
2012-11-23,0.01814185943019575,0.01814185943019575,0.0,0.0
2012-11-25,0.0,0.0,0.0,0.0
2012-11-26,0.013874931257814626,0.013874931257814626,0.0,0.0
2012-11-27,0.002817303763351065,0.002817303763351065,0.0,0.0
2012-11-28,0.004708473479155563,0.004708473479155563,0.0,0.0
2012-11-29,-0.0004419149033126346,-0.0004419149033126346,0.0,0.0
2012-11-30,0.010277483747362093,0.010277483747362093,0.0,0.0
2012-12-02,0.0,0.0,0.0,0.0
2012-12-02,0.0,-0.0004,0.2,20.0
2012-12-03,0.016730109222153965,0.016730109222153965,0.0,0.0
2012-12-04,0.01560034254709165,0.01560034254709165,0.0,0.0
2012-12-05,0.0012722086544842861,0.0012722086544842861,0.0,0.0
2012-12-06,0.01826991200520438,0.01826991200520438,0.0,0.0
2012-12-07,-0.0010153800797825909,-0.0010153800797825909,0.0,0.0
2012-12-09,0.0,0.0,0.0,0.0
2012-12-10,0.0050727761152527424,0.0050727761152527424,0.0,0.0
2012-12-11,-0.008869818507181071,-0.008869818507181071,0.0,0.0
2012-12-12,0.003540604817506443,0.003540604817506443,0.0,0.0
2012-12-13,-0.0004728609173318633,-0.0004728609173318633,0.0,0.0
2012-12-14,-0.004745456559977768,-0.004745456559977768,0.0,0.0
2012-12-16,0.0,0.0,0.0,0.0
2012-12-17,0.004304912536109906,0.004304912536109906,0.0,0.0
2012-12-18,0.01082892235968871,0.01082892235968871,0.0,0.0
2012-12-19,0.0011240219574409904,0.0011240219574409904,0.0,0.0
2012-12-20,0.0037936288241737005,0.0037936288241737005,0.0,0.0
2012-12-21,-0.0002175868442385047,-0.0002175868442385047,0.0,0.0
2012-12-23,0.0,0.0,0.0,0.0
2012-12-24,0.0053358332159318175,0.0053358332159318175,0.0,0.0
2012-12-25,0.01595376901117205,0.01595376901117205,0.0,0.0
2012-12-26,0.004136233098663299,0.004136233098663299,0.0,0.0
2012-12-27,-0.00026440715580064965,-0.00026440715580064965,0.0,0.0
2012-12-28,0.004365596465182398,0.004365596465182398,0.0,0.0
2012-12-30,0.0,0.0,0.0,0.0
2012-12-31,0.010085551845556295,0.010085551845556295,0.0,0.0
2013-01-01,0.0,0.0,0.0,0.0
2013-01-01,0.0,-0.0004,0.2,20.0
2013-01-02,0.002918013184262524,0.002918013184262524,0.0,0.0
2013-01-03,-0.009040491496585756,-0.009040491496585756,0.0,0.0
2013-01-04,-0.001568976568749625,-0.001568976568749625,0.0,0.0
2013-01-06,0.0,0.0,0.0,0.0
2013-01-07,0.009373707179421976,0.009373707179421976,0.0,0.0
2013-01-08,-0.010508160954003556,-0.010508160954003556,0.0,0.0
2013-01-09,0.010210499359879933,0.010210499359879933,0.0,0.0
2013-01-10,0.0033304934867952056,0.0033304934867952056,0.0,0.0
2013-01-11,-0.0017896544268593772,-0.0017896544268593772,0.0,0.0
2013-01-13,0.0,0.0,0.0,0.0
2013-01-14,0.009084131420750652,0.009084131420750652,0.0,0.0
2013-01-15,0.005030197572554828,0.005030197572554828,0.0,0.0
2013-01-16,0.007065662864298571,0.007065662864298571,0.0,0.0
2013-01-17,0.00238994469405458,0.00238994469405458,0.0,0.0
2013-01-18,0.0015526781945353623,0.0015526781945353623,0.0,0.0
2013-01-20,0.0,0.0,0.0,0.0
2013-01-21,-0.002221432755632769,-0.002221432755632769,0.0,0.0
2013-01-22,-0.002525880601847186,-0.002525880601847186,0.0,0.0
2013-01-23,0.005188548404139759,0.005188548404139759,0.0,0.0
2013-01-24,0.010886360858454892,0.010886360858454892,0.0,0.0
2013-01-25,0.0027608772506547254,0.0027608772506547254,0.0,0.0
2013-01-27,0.0,0.0,0.0,0.0
2013-01-28,-0.02858412823851877,-0.02858412823851877,0.0,0.0
2013-01-29,0.004871667789419809,0.004871667789419809,0.0,0.0
2013-01-30,-0.01813809793035348,-0.01813809793035348,0.0,0.0
2013-01-31,0.01019918584814019,0.01019918584814019,0.0,0.0
2013-02-01,0.00632776338195158,0.00632776338195158,0.0,0.0
2013-02-01,0.0,-0.0002,0.1,20.0
2013-02-03,0.0,0.0,0.0,0.0
2013-02-04,0.00655294111644441,0.00655294111644441,0.0,0.0
2013-02-05,0.007998086116612369,0.007998086116612369,0.0,0.0
2013-02-06,0.0009537588311282262,0.0009537588311282262,0.0,0.0
2013-02-07,-0.008716479829228541,-0.008716479829228541,0.0,0.0
2013-02-08,-0.004602883431296011,-0.004602883431296011,0.0,0.0
2013-02-10,0.0,0.0,0.0,0.0
2013-02-11,-0.011802235163200071,-0.011802235163200071,0.0,0.0
2013-02-12,0.009229877410698318,0.009229877410698318,0.0,0.0
2013-02-13,-0.000478037660413544,-0.000478037660413544,0.0,0.0
2013-02-14,-0.010724369262826262,-0.010724369262826262,0.0,0.0
2013-02-15,0.0016575105333872413,0.0016575105333872413,0.0,0.0
2013-02-17,0.0,0.0,0.0,0.0
2013-02-18,0.0013038482046430877,0.0013038482046430877,0.0,0.0
2013-02-19,0.0037220511957519846,0.0037220511957519846,0.0,0.0
2013-02-20,0.007497276044363588,0.007497276044363588,0.0,0.0
2013-02-21,-0.012136956231348039,-0.012136956231348039,0.0,0.0
2013-02-22,-0.007277125846380484,-0.007277125846380484,0.0,0.0
2013-02-24,0.0,0.0,0.0,0.0
2013-02-25,0.006103541331431973,0.006103541331431973,0.0,0.0
2013-02-26,0.002465119609566491,0.002465119609566491,0.0,0.0
2013-02-27,0.03657101776768441,0.03657101776768441,0.0,0.0
2013-02-28,0.009543658808539102,0.009543658808539102,0.0,0.0
2013-03-01,0.0018934747282126074,0.0018934747282126074,0.0,0.0
2013-03-01,0.0,-0.0004,0.2,20.0
2013-03-03,0.0,0.0,0.0,0.0
2013-03-04,0.027004442029513888,0.027004442029513888,0.0,0.0
2013-03-05,0.020957699007547192,0.020957699007547192,0.0,0.0
2013-03-06,0.012457842309533031,0.012457842309533031,0.0,0.0
2013-03-07,-0.004083911807364759,-0.004083911807364759,0.0,0.0
2013-03-08,0.0061016093355229055,0.0061016093355229055,0.0,0.0
2013-03-10,0.0,0.0,0.0,0.0
2013-03-11,-0.00422801167084871,-0.00422801167084871,0.0,0.0
2013-03-12,0.009523139378594348,0.009523139378594348,0.0,0.0
2013-03-13,-0.00447867965121347,-0.00447867965121347,0.0,0.0
2013-03-14,-0.015151524568807608,-0.015151524568807608,0.0,0.0
2013-03-15,0.011771807371718969,0.011771807371718969,0.0,0.0
2013-03-17,0.0,0.0,0.0,0.0
2013-03-18,0.013087633344417027,0.013087633344417027,0.0,0.0
2013-03-19,-0.00616947789134944,-0.00616947789134944,0.0,0.0
2013-03-20,-0.006898418723796684,-0.006898418723796684,0.0,0.0
2013-03-21,-0.00031264239349002585,-0.00031264239349002585,0.0,0.0
2013-03-22,0.009191064425516194,0.009191064425516194,0.0,0.0
2013-03-24,0.0,0.0,0.0,0.0
2013-03-25,0.006335259583815034,0.006335259583815034,0.0,0.0
2013-03-26,0.03117722451066194,0.03117722451066194,0.0,0.0
2013-03-27,0.010067176057610228,0.010067176057610228,0.0,0.0
2013-03-28,-0.008462796866836143,-0.008462796866836143,0.0,0.0
2013-03-29,0.003841006550384108,0.003841006550384108,0.0,0.0
2013-03-31,0.0,0.0,0.0,0.0
2013-04-01,-0.0041190350468818145,-0.0041190350468818145,0.0,0.0
2013-04-01,0.0,-0.0004,0.2,20.0
2013-04-02,-0.0014486673051710697,-0.0014486673051710697,0.0,0.0
2013-04-03,-0.009998046324164567,-0.009998046324164567,0.0,0.0
2013-04-04,-0.012247607857436449,-0.012247607857436449,0.0,0.0
2013-04-05,-0.005136927157547222,-0.005136927157547222,0.0,0.0
2013-04-07,0.0,0.0,0.0,0.0
2013-04-08,0.007285741662193857,0.007285741662193857,0.0,0.0
2013-04-09,0.0057112573155193355,0.0057112573155193355,0.0,0.0
2013-04-10,-0.00015143367320158375,-0.00015143367320158375,0.0,0.0
2013-04-11,0.008594025421033803,0.008594025421033803,0.0,0.0
2013-04-12,-0.007821242235043558,-0.007821242235043558,0.0,0.0
2013-04-14,0.0,0.0,0.0,0.0
2013-04-15,-0.007700227858368602,-0.007700227858368602,0.0,0.0
2013-04-16,0.005255378214496987,0.005255378214496987,0.0,0.0
2013-04-17,-0.00022056479688101725,-0.00022056479688101725,0.0,0.0
2013-04-18,-0.012852261589100357,-0.012852261589100357,0.0,0.0
2013-04-19,0.004604203845046641,0.004604203845046641,0.0,0.0
2013-04-21,0.0,0.0,0.0,0.0
2013-04-22,0.0025141115156094964,0.0025141115156094964,0.0,0.0
2013-04-23,0.0,0.0,0.0,0.0
2013-04-24,0.008701684556087741,0.008701684556087741,0.0,0.0
2013-04-25,-0.0015103222127671118,-0.0015103222127671118,0.0,0.0
2013-04-26,0.0076043874748552235,0.0076043874748552235,0.0,0.0
2013-04-28,0.0,0.0,0.0,0.0
2013-04-29,0.0058732757186572455,0.0058732757186572455,0.0,0.0
2013-04-30,0.009312236263580865,0.009312236263580865,0.0,0.0
2013-05-01,0.0,0.0,0.0,0.0
2013-05-01,0.0,-0.0006,0.3,20.0
2013-05-02,0.010998595766131635,0.010998595766131635,0.0,0.0
2013-05-03,0.0037162445002065893,0.0037162445002065893,0.0,0.0
2013-05-05,0.0,0.0,0.0,0.0
2013-05-06,0.00879992800418681,0.00879992800418681,0.0,0.0
2013-05-07,0.004395757257181675,0.004395757257181675,0.0,0.0
2013-05-08,6.724316328325891e-05,6.724316328325891e-05,0.0,0.0
2013-05-09,-0.005664058590413912,-0.005664058590413912,0.0,0.0
2013-05-10,0.011448388498498663,0.011448388498498663,0.0,0.0
2013-05-12,0.0,0.0,0.0,0.0
2013-05-13,0.006888386598309759,0.006888386598309759,0.0,0.0
2013-05-14,0.008754359095707043,0.008754359095707043,0.0,0.0
2013-05-15,0.00605953604223476,0.00605953604223476,0.0,0.0
2013-05-16,0.003131575219945071,0.003131575219945071,0.0,0.0
2013-05-17,-0.004711838419457004,-0.004711838419457004,0.0,0.0
2013-05-19,0.0,0.0,0.0,0.0
2013-05-20,0.01402217758991603,0.01402217758991603,0.0,0.0
2013-05-21,0.031077659599408627,0.031077659599408627,0.0,0.0
2013-05-22,0.007744059970650809,0.007744059970650809,0.0,0.0
2013-05-23,-0.012169687207083835,-0.012169687207083835,0.0,0.0
2013-05-24,-0.002816759124581159,-0.002816759124581159,0.0,0.0
2013-05-26,0.0,0.0,0.0,0.0
2013-05-27,0.004271973812084596,0.004271973812084596,0.0,0.0
2013-05-28,0.007466210612369162,0.007466210612369162,0.0,0.0
2013-05-29,-0.016923012016116734,-0.016923012016116734,0.0,0.0
2013-05-30,-0.0052273567120100905,-0.0052273567120100905,0.0,0.0
2013-05-31,-0.008516574794084877,-0.008516574794084877,0.0,0.0
2013-06-02,0.0,-0.0006,0.3,20.0
2013-06-02,0.0,0.0,0.0,0.0
2013-06-03,-0.11628304777693571,-0.11628304777693571,0.0,0.0
2013-06-04,0.05766674246723279,0.05766674246723279,0.0,0.0
2013-06-05,0.0017890683730988227,0.0017890683730988227,0.0,0.0
2013-06-06,-0.04762814806897235,-0.04762814806897235,0.0,0.0
2013-06-07,0.03530486826148274,0.03530486826148274,0.0,0.0
2013-06-09,0.0,0.0,0.0,0.0
2013-06-10,-0.017238216962374153,-0.017238216962374153,0.0,0.0
2013-06-11,-0.004642814404335196,-0.004642814404335196,0.0,0.0
2013-06-12,0.01955982761383153,0.01955982761383153,0.0,0.0
2013-06-13,-0.014084329149396226,-0.014084329149396226,0.0,0.0
2013-06-14,0.03540954515986102,0.03540954515986102,0.0,0.0
2013-06-16,0.0,0.0,0.0,0.0
2013-06-17,-0.007098384747663001,-0.007098384747663001,0.0,0.0
2013-06-18,-0.002916486672980778,-0.002916486672980778,0.0,0.0
2013-06-19,0.0184105634859161,0.0184105634859161,0.0,0.0
2013-06-20,-0.06515246859836532,-0.06515246859836532,0.0,0.0
2013-06-21,0.029998987500173702,0.029998987500173702,0.0,0.0
2013-06-23,0.0,0.0,0.0,0.0
2013-06-24,-0.032320139326262425,-0.032320139326262425,0.0,0.0
2013-06-25,0.013060202215003503,0.013060202215003503,0.0,0.0
2013-06-26,0.00962699147799203,0.00962699147799203,0.0,0.0
2013-06-27,0.0275503826818708,0.0275503826818708,0.0,0.0
2013-06-28,0.010928742652733447,0.010928742652733447,0.0,0.0
2013-06-30,0.0,0.0,0.0,0.0
2013-07-01,-0.003843864951492637,-0.003843864951492637,0.0,0.0
2013-07-01,0.0,-0.0002,0.1,20.0
2013-07-02,0.00587916598888929,0.00587916598888929,0.0,0.0
2013-07-03,-0.01622836940565201,-0.01622836940565201,0.0,0.0
2013-07-04,0.006732899899114109,0.006732899899114109,0.0,0.0
2013-07-05,-0.019186361792967545,-0.019186361792967545,0.0,0.0
2013-07-07,0.0,0.0,0.0,0.0
2013-07-08,-0.007008019550583278,-0.007008019550583278,0.0,0.0
2013-07-09,0.009307144455031868,0.009307144455031868,0.0,0.0
2013-07-10,-0.019185688866152142,-0.019185688866152142,0.0,0.0
2013-07-11,0.023332889504880626,0.023332889504880626,0.0,0.0
2013-07-12,0.012644681525564716,0.012644681525564716,0.0,0.0
2013-07-14,0.0,0.0,0.0,0.0
2013-07-15,0.03735309162361964,0.03735309162361964,0.0,0.0
2013-07-16,0.0006737140484971652,0.0006737140484971652,0.0,0.0
2013-07-17,0.011826449317205313,0.011826449317205313,0.0,0.0
2013-07-18,-0.002406505604464037,-0.002406505604464037,0.0,0.0
2013-07-19,-0.001338052861490635,-0.001338052861490635,0.0,0.0
2013-07-21,0.0,0.0,0.0,0.0
2013-07-22,0.008856132158276077,0.008856132158276077,0.0,0.0
2013-07-23,-0.005731951504891142,-0.005731951504891142,0.0,0.0
2013-07-24,-0.023803131358014876,-0.023803131358014876,0.0,0.0
2013-07-25,-0.016497179096231575,-0.016497179096231575,0.0,0.0
2013-07-26,-0.010089188235165004,-0.010089188235165004,0.0,0.0
2013-07-28,0.0,0.0,0.0,0.0
2013-07-29,-0.00031046827649560283,-0.00031046827649560283,0.0,0.0
2013-07-30,0.01512127788595795,0.01512127788595795,0.0,0.0
2013-07-31,-0.007240984001807315,-0.007240984001807315,0.0,0.0
2013-08-01,0.005259190838746042,0.005259190838746042,0.0,0.0
2013-08-01,0.0,-0.0002,0.1,20.0
2013-08-02,0.012964738887662464,0.012964738887662464,0.0,0.0
2013-08-04,0.0,0.0,0.0,0.0
2013-08-05,0.010684955893521541,0.010684955893521541,0.0,0.0
2013-08-06,0.011639225383343388,0.011639225383343388,0.0,0.0
2013-08-07,0.0007525809286635379,0.0007525809286635379,0.0,0.0
2013-08-08,0.0,0.0,0.0,0.0
2013-08-09,0.0,0.0,0.0,0.0
2013-08-11,0.0,0.0,0.0,0.0
2013-08-12,0.02128927883215237,0.02128927883215237,0.0,0.0
2013-08-13,0.008632282302651296,0.008632282302651296,0.0,0.0
2013-08-14,0.002261886100539468,0.002261886100539468,0.0,0.0
2013-08-15,-0.013902881785457991,-0.013902881785457991,0.0,0.0
2013-08-16,0.007112870140866269,0.007112870140866269,0.0,0.0
2013-08-18,0.0,0.0,0.0,0.0
2013-08-19,-0.016614038205004213,-0.016614038205004213,0.0,0.0
2013-08-20,-0.008181917661842054,-0.008181917661842054,0.0,0.0
2013-08-21,-0.047724134112992936,-0.047724134112992936,0.0,0.0
2013-08-22,-0.02693157139157519,-0.02693157139157519,0.0,0.0
2013-08-23,-0.007168690681450763,-0.007168690681450763,0.0,0.0
2013-08-25,0.0,0.0,0.0,0.0
2013-08-26,-0.0050157182699438925,-0.0050157182699438925,0.0,0.0
2013-08-27,-0.05962233631870334,-0.05962233631870334,0.0,0.0
2013-08-28,-0.013151279523370318,-0.013151279523370318,0.0,0.0
2013-08-29,0.028647134648441774,0.028647134648441774,0.0,0.0
2013-08-30,0.0,0.0,0.0,0.0
2013-08-30,0.0,-0.002,1.0,20.0
2013-08-31,0.0,0.0,0.0,0.0
2013-08-31,0.0,-0.002,1.0,20.0
2013-09-01,0.0,0.0,0.0,0.0
2013-09-01,0.0,-0.0020000000000000005,1.0000000000000002,20.0
2013-09-02,-2.6131129491957505e-05,-2.6131129491957505e-05,0.0,0.0
2013-09-03,-0.030751406818934124,-0.030751406818934124,0.0,0.0
2013-09-04,-0.025025036163347114,-0.025025036163347114,0.0,0.0
2013-09-05,-0.02816406798707677,-0.02816406798707677,0.0,0.0
2013-09-06,-0.005073373876255949,-0.005073373876255949,0.0,0.0
2013-09-08,0.0,0.0,0.0,0.0
2013-09-09,0.018343224901710364,0.018343224901710364,0.0,0.0
2013-09-10,0.030226193351042485,0.030226193351042485,0.0,0.0
2013-09-11,0.025796419902912593,0.025796419902912593,0.0,0.0
2013-09-12,-0.0304352370448861,-0.0304352370448861,0.0,0.0
2013-09-13,0.012299215074255465,0.012299215074255465,0.0,0.0
2013-09-15,0.0,0.0,0.0,0.0
2013-09-16,0.007738362520580688,0.007738362520580688,0.0,0.0
2013-09-17,0.01572817179577879,0.01572817179577879,0.0,0.0
2013-09-18,0.016269077323656456,0.016269077323656456,0.0,0.0
2013-09-19,0.01566131710016594,0.01566131710016594,0.0,0.0
2013-09-20,0.06224978373267365,0.06224978373267365,0.0,0.0
2013-09-22,0.0,0.0,0.0,0.0
2013-09-23,0.005466309683177184,0.005466309683177184,0.0,0.0
2013-09-24,-0.001993620414672992,-0.001993620414672992,0.0,0.0
2013-09-25,0.035559074565925775,0.035559074565925775,0.0,0.0
2013-09-26,-0.011894392131783893,-0.011894392131783893,0.0,0.0
2013-09-27,0.0002470376654799544,0.0002470376654799544,0.0,0.0
2013-09-29,0.0,0.0,0.0,0.0
2013-09-30,0.02070669443550799,0.02070669443550799,0.0,0.0
2013-10-01,0.1282723435154628,0.1282723435154628,0.0,0.0
2013-10-01,0.0,-0.0020000000000000005,1.0000000000000002,20.0
2013-10-02,-0.012633517212092637,-0.012633517212092637,0.0,0.0
2013-10-03,0.0034134864445270366,0.0034134864445270366,0.0,0.0
2013-10-04,-0.005822668378915208,-0.005822668378915208,0.0,0.0
2013-10-06,0.0,0.0,0.0,0.0
2013-10-07,0.005354886569013129,0.005354886569013129,0.0,0.0
2013-10-08,-0.0009494558123374524,-0.0009494558123374524,0.0,0.0
2013-10-09,-0.0002044768616490068,-0.0002044768616490068,0.0,0.0
2013-10-10,0.012465897767460123,0.012465897767460123,0.0,0.0
2013-10-11,0.0063735125264033025,0.0063735125264033025,0.0,0.0
2013-10-13,0.0,0.0,0.0,0.0
2013-10-14,-0.003482760040896882,-0.003482760040896882,0.0,0.0
2013-10-15,0.0,0.0,0.0,0.0
2013-10-16,0.0,0.0,0.0,0.0
2013-10-17,0.0,0.0,0.0,0.0
2013-10-18,0.0,0.0,0.0,0.0
2013-10-20,0.0,0.0,0.0,0.0
2013-10-21,0.024041798924128055,0.024041798924128055,0.0,0.0
2013-10-22,0.004078689790492241,0.004078689790492241,0.0,0.0
2013-10-23,0.0038698532020899346,0.0038698532020899346,0.0,0.0
2013-10-24,0.009609520007362283,0.009609520007362283,0.0,0.0
2013-10-25,0.010371569365669686,0.010371569365669686,0.0,0.0
2013-10-27,0.0,0.0,0.0,0.0
2013-10-28,0.00286218411994017,0.00286218411994017,0.0,0.0
2013-10-29,0.0,0.0,0.0,0.0
2013-10-30,-0.007889223287325154,-0.007889223287325154,0.0,0.0
2013-10-31,-0.014304065704710413,-0.014304065704710413,0.0,0.0
2013-11-01,0.0,-0.0002,0.1,20.0
2013-11-01,-0.004719914830475836,-0.004719914830475836,0.0,0.0
2013-11-03,0.0,0.0,0.0,0.0
2013-11-04,0.01237819023519664,0.01237819023519664,0.0,0.0
2013-11-05,-0.0262287146685954,-0.0262287146685954,0.0,0.0
2013-11-06,0.0054645951372067625,0.0054645951372067625,0.0,0.0
2013-11-07,0.014900514953459731,0.014900514953459731,0.0,0.0
2013-11-08,-0.031023501538254793,-0.031023501538254793,0.0,0.0
2013-11-10,0.0,0.0,0.0,0.0
2013-11-11,-0.02194291016603911,-0.02194291016603911,0.0,0.0
2013-11-12,-0.015549666351801873,-0.015549666351801873,0.0,0.0
2013-11-13,0.0014479390267241664,0.0014479390267241664,0.0,0.0
2013-11-14,0.019909430905463134,0.019909430905463134,0.0,0.0
2013-11-15,0.002341247413153369,0.002341247413153369,0.0,0.0
2013-11-17,0.0,0.0,0.0,0.0
2013-11-18,0.008008435662882863,0.008008435662882863,0.0,0.0
2013-11-19,-0.006021264287892403,-0.006021264287892403,0.0,0.0
2013-11-20,0.008106661304185792,0.008106661304185792,0.0,0.0
2013-11-21,-0.0035128007351531766,-0.0035128007351531766,0.0,0.0
2013-11-22,0.012076618118089799,0.012076618118089799,0.0,0.0
2013-11-24,0.0,0.0,0.0,0.0
2013-11-25,0.021652243232550574,0.021652243232550574,0.0,0.0
2013-11-26,-0.004281104217918617,-0.004281104217918617,0.0,0.0
2013-11-27,-0.011409140668465146,-0.011409140668465146,0.0,0.0
2013-11-28,-0.00412383833056661,-0.00412383833056661,0.0,0.0
2013-11-29,0.009736723213231657,0.009736723213231657,0.0,0.0
2013-11-30,0.0,0.0,0.0,0.0
2013-11-30,0.0,-0.0004,0.2,20.0
2013-12-01,0.0,0.0,0.0,0.0
2013-12-01,0.0,-0.0020000000000000005,1.0000000000000002,20.0
2013-12-02,-0.019410227696901816,-0.019410227696901816,0.0,0.0
2013-12-03,-0.03644059306752151,-0.03644059306752151,0.0,0.0
2013-12-04,0.008437862480105696,0.008437862480105696,0.0,0.0
2013-12-05,-0.01204269586622525,-0.01204269586622525,0.0,0.0
2013-12-06,0.012196845343566243,0.012196845343566243,0.0,0.0
2013-12-08,0.0,0.0,0.0,0.0
2013-12-09,0.007318457686104729,0.007318457686104729,0.0,0.0
2013-12-10,0.0018390954839552776,0.0018390954839552776,0.0,0.0
2013-12-11,0.02526945577487083,0.02526945577487083,0.0,0.0
2013-12-12,-0.015730434567044316,-0.015730434567044316,0.0,0.0
2013-12-13,-0.002155657962109536,-0.002155657962109536,0.0,0.0
2013-12-15,0.0,0.0,0.0,0.0
2013-12-16,-0.0036345356742468193,-0.0036345356742468193,0.0,0.0
2013-12-17,-0.0799915040433502,-0.0799915040433502,0.0,0.0
2013-12-18,0.0009732211170619953,0.0009732211170619953,0.0,0.0
2013-12-19,-0.012365591397849485,-0.012365591397849485,0.0,0.0
2013-12-20,0.00010648026356996354,0.00010648026356996354,0.0,0.0
2013-12-22,0.0,0.0,0.0,0.0
2013-12-23,-0.02210908316659932,-0.02210908316659932,0.0,0.0
2013-12-24,0.009764115728674194,0.009764115728674194,0.0,0.0
2013-12-25,-0.017826233561874738,-0.017826233561874738,0.0,0.0
2013-12-26,-0.026158958036463342,-0.026158958036463342,0.0,0.0
2013-12-27,-0.05470341185228894,-0.05470341185228894,0.0,0.0
2013-12-29,0.0,0.0,0.0,0.0
2013-12-30,0.04705974842767302,0.04705974842767302,0.0,0.0
2013-12-31,-0.0009071286688514535,-0.0009071286688514535,0.0,0.0
2014-01-01,0.0,0.0,0.0,0.0
2014-01-01,0.0,-0.0020000000000000005,1.0000000000000002,20.0
2014-01-02,-0.013083940789679872,-0.013083940789679872,0.0,0.0
2014-01-03,-0.011609820458005505,-0.011609820458005505,0.0,0.0
2014-01-05,0.0,0.0,0.0,0.0
2014-01-06,0.021866146571690018,0.021866146571690018,0.0,0.0
2014-01-07,0.013411494859586095,0.013411494859586095,0.0,0.0
2014-01-08,-0.014492724440860947,-0.014492724440860947,0.0,0.0
2014-01-09,-0.005879724791890961,-0.005879724791890961,0.0,0.0
2014-01-10,0.01839883635609674,0.01839883635609674,0.0,0.0
2014-01-12,0.0,0.0,0.0,0.0
2014-01-13,0.002073784502938648,0.002073784502938648,0.0,0.0
2014-01-14,-0.0022445038301324937,-0.0022445038301324937,0.0,0.0
2014-01-15,-0.005274517809763502,-0.005274517809763502,0.0,0.0
2014-01-16,-0.009367087565733501,-0.009367087565733501,0.0,0.0
2014-01-17,-0.014127174523871178,-0.014127174523871178,0.0,0.0
2014-01-19,0.0,0.0,0.0,0.0
2014-01-20,-0.008769494206586514,-0.008769494206586514,0.0,0.0
2014-01-21,0.009195100685932324,0.009195100685932324,0.0,0.0
2014-01-22,0.004682262431749252,0.004682262431749252,0.0,0.0
2014-01-23,-0.010599729929978697,-0.010599729929978697,0.0,0.0
2014-01-24,-0.008030192466804142,-0.008030192466804142,0.0,0.0
2014-01-26,0.0,0.0,0.0,0.0
2014-01-27,-0.002864060072741281,-0.002864060072741281,0.0,0.0
2014-01-28,-0.008224352404372783,-0.008224352404372783,0.0,0.0
2014-01-29,-0.0254338307511488,-0.0254338307511488,0.0,0.0
2014-01-30,0.0049655971470015554,0.0049655971470015554,0.0,0.0
2014-01-31,-0.0019535446604619037,-0.0019535446604619037,0.0,0.0
2014-02-02,0.0,0.0,0.0,0.0
2014-02-02,0.0,-0.0004,0.2,20.0
2014-02-03,0.0032316414549488086,0.0032316414549488086,0.0,0.0
2014-02-04,0.012234847302692854,0.012234847302692854,0.0,0.0
2014-02-05,0.0003709165885345312,0.0003709165885345312,0.0,0.0
2014-02-06,0.015349974299369884,0.015349974299369884,0.0,0.0
2014-02-07,0.003100291878044505,0.003100291878044505,0.0,0.0
2014-02-09,0.0,0.0,0.0,0.0
2014-02-10,-0.0035233748423558536,-0.0035233748423558536,0.0,0.0
2014-02-11,-9.207356072323772e-05,-9.207356072323772e-05,0.0,0.0
2014-02-12,0.01938155554530643,0.01938155554530643,0.0,0.0
2014-02-13,-0.005782965453430799,-0.005782965453430799,0.0,0.0
2014-02-14,0.012059253652790626,0.012059253652790626,0.0,0.0
2014-02-16,0.0,0.0,0.0,0.0
2014-02-17,0.0023944787562509844,0.0023944787562509844,0.0,0.0
2014-02-18,-0.006630480773640957,-0.006630480773640957,0.0,0.0
2014-02-19,-0.008470021581428332,-0.008470021581428332,0.0,0.0
2014-02-20,0.008764028964794512,0.008764028964794512,0.0,0.0
2014-02-21,0.007289334903388202,0.007289334903388202,0.0,0.0
2014-02-23,0.0,0.0,0.0,0.0
2014-02-24,0.008066550450740407,0.008066550450740407,0.0,0.0
2014-02-25,-0.039963136601749175,-0.039963136601749175,0.0,0.0
2014-02-26,-0.009496741514782548,-0.009496741514782548,0.0,0.0
2014-02-27,0.0020619727345479897,0.0020619727345479897,0.0,0.0
2014-02-28,0.004587564756423357,0.004587564756423357,0.0,0.0
2014-03-02,0.0,0.0,0.0,0.0
2014-03-02,0.0,-0.0004,0.2,20.0
2014-03-03,-0.021285162354524913,-0.021285162354524913,0.0,0.0
2014-03-04,0.0323023277418935,0.0323023277418935,0.0,0.0
2014-03-05,-0.00011331878349548621,-0.00011331878349548621,0.0,0.0
2014-03-06,0.014013734157817061,0.014013734157817061,0.0,0.0
2014-03-07,-0.00836139873907119,-0.00836139873907119,0.0,0.0
2014-03-09,0.0,0.0,0.0,0.0
2014-03-10,-0.008217016541660262,-0.008217016541660262,0.0,0.0
2014-03-11,0.01280055741487226,0.01280055741487226,0.0,0.0
2014-03-12,-0.00045288188381210627,-0.00045288188381210627,0.0,0.0
2014-03-13,0.002232632104617294,0.002232632104617294,0.0,0.0
2014-03-14,-0.00618040944374616,-0.00618040944374616,0.0,0.0
2014-03-16,0.0,0.0,0.0,0.0
2014-03-17,0.012497577562244011,0.012497577562244011,0.0,0.0
2014-03-18,0.002189041914852219,0.002189041914852219,0.0,0.0
2014-03-19,-0.0027364547350167464,-0.0027364547350167464,0.0,0.0
2014-03-20,0.0003805490545038204,0.0003805490545038204,0.0,0.0
2014-03-21,-0.003951292112080406,-0.003951292112080406,0.0,0.0
2014-03-23,0.0,0.0,0.0,0.0
2014-03-24,-0.015092747703250033,-0.015092747703250033,0.0,0.0
2014-03-25,0.004770912644502601,0.004770912644502601,0.0,0.0
2014-03-26,0.018177109230112766,0.018177109230112766,0.0,0.0
2014-03-27,-0.0006246320920908596,-0.0006246320920908596,0.0,0.0
2014-03-28,0.0026168209201968056,0.0026168209201968056,0.0,0.0
2014-03-30,0.0,0.0,0.0,0.0
2014-03-31,0.0015652519625742765,0.0015652519625742765,0.0,0.0
2014-04-01,0.029460641232634113,0.029460641232634113,0.0,0.0
2014-04-01,0.0,-0.0004,0.2,20.0
2014-04-02,-0.004897555077613547,-0.004897555077613547,0.0,0.0
2014-04-03,0.008729314860202808,0.008729314860202808,0.0,0.0
2014-04-04,0.025287928107322923,0.025287928107322923,0.0,0.0
2014-04-06,0.0,0.0,0.0,0.0
2014-04-07,0.008970671863098991,0.008970671863098991,0.0,0.0
2014-04-08,0.015567454816090565,0.015567454816090565,0.0,0.0
2014-04-09,-0.014918334142333844,-0.014918334142333844,0.0,0.0
2014-04-10,0.01097651707833085,0.01097651707833085,0.0,0.0
2014-04-11,-0.0008168931375636566,-0.0008168931375636566,0.0,0.0
2014-04-13,0.0,0.0,0.0,0.0
2014-04-14,0.01673163899899137,0.01673163899899137,0.0,0.0
2014-04-15,-0.009124578621248393,-0.009124578621248393,0.0,0.0
2014-04-16,0.0014424015059427808,0.0014424015059427808,0.0,0.0
2014-04-17,0.011375927338958891,0.011375927338958891,0.0,0.0
2014-04-18,0.0021409622027784513,0.0021409622027784513,0.0,0.0
2014-04-20,0.0,0.0,0.0,0.0
2014-04-21,0.0008078792538312562,0.0008078792538312562,0.0,0.0
2014-04-22,-0.0009383224504242451,-0.0009383224504242451,0.0,0.0
2014-04-23,0.0,0.0,0.0,0.0
2014-04-24,-0.0023427299384082834,-0.0023427299384082834,0.0,0.0
2014-04-25,-0.0012519626949592964,-0.0012519626949592964,0.0,0.0
2014-04-27,0.0,0.0,0.0,0.0
2014-04-28,0.006953921855715318,0.006953921855715318,0.0,0.0
2014-04-29,-0.0011815471623951132,-0.0011815471623951132,0.0,0.0
2014-04-30,0.01898002211364036,0.01898002211364036,0.0,0.0
2014-05-01,0.0,0.0,0.0,0.0
2014-05-01,0.0,-0.0004,0.2,20.0
2014-05-02,0.007018298937183509,0.007018298937183509,0.0,0.0
2014-05-04,0.0,0.0,0.0,0.0
2014-05-05,0.0010379805374532637,0.0010379805374532637,0.0,0.0
2014-05-06,0.003455413636248039,0.003455413636248039,0.0,0.0
2014-05-07,-0.001907300023893821,-0.001907300023893821,0.0,0.0
2014-05-08,0.005463858965636193,0.005463858965636193,0.0,0.0
2014-05-09,0.0044850662352776795,0.0044850662352776795,0.0,0.0
2014-05-11,0.0,0.0,0.0,0.0
2014-05-12,0.0047261662338655705,0.0047261662338655705,0.0,0.0
2014-05-13,0.00978737751755111,0.00978737751755111,0.0,0.0
2014-05-14,0.0032667889261795867,0.0032667889261795867,0.0,0.0
2014-05-15,-0.005799823560788232,-0.005799823560788232,0.0,0.0
2014-05-16,-0.002307498008670694,-0.002307498008670694,0.0,0.0
2014-05-18,0.0,0.0,0.0,0.0
2014-05-19,0.0,0.0,0.0,0.0
2014-05-20,0.012176097909858418,0.012176097909858418,0.0,0.0
2014-05-21,1.83361320411304e-05,1.83361320411304e-05,0.0,0.0
2014-05-22,0.001635576766273883,0.001635576766273883,0.0,0.0
2014-05-23,0.007116139120240684,0.007116139120240684,0.0,0.0
2014-05-25,0.0,0.0,0.0,0.0
2014-05-26,0.00671074258072446,0.00671074258072446,0.0,0.0
2014-05-27,-0.00425907254854312,-0.00425907254854312,0.0,0.0
2014-05-28,0.0041894313473532455,0.0041894313473532455,0.0,0.0
2014-05-29,0.005183085042612246,0.005183085042612246,0.0,0.0
2014-05-30,-0.0035329342668720676,-0.0035329342668720676,0.0,0.0
2014-05-31,0.0,0.0,0.0,0.0
2014-05-31,0.0,-0.0004,0.2,20.0
2014-06-01,0.0,0.0,0.0,0.0
2014-06-01,0.0,-0.0020000000000000005,1.0000000000000002,20.0
2014-06-02,-0.009725716116477212,-0.009725716116477212,0.0,0.0
2014-06-03,-0.0006988120195667302,-0.0006988120195667302,0.0,0.0
2014-06-04,0.004263872353445497,0.004263872353445497,0.0,0.0
2014-06-05,0.0034197404781929897,0.0034197404781929897,0.0,0.0
2014-06-06,0.0,0.0,0.0,0.0
2014-06-08,0.0,0.0,0.0,0.0
2014-06-09,0.020675396278428626,0.020675396278428626,0.0,0.0
2014-06-10,-0.0016545334215750662,-0.0016545334215750662,0.0,0.0
2014-06-11,-0.029919283903347638,-0.029919283903347638,0.0,0.0
2014-06-12,0.01530355097365399,0.01530355097365399,0.0,0.0
2014-06-13,0.008060021817491936,0.008060021817491936,0.0,0.0
2014-06-15,0.0,0.0,0.0,0.0
2014-06-16,-0.009003620704242987,-0.009003620704242987,0.0,0.0
2014-06-17,0.0032531194295900567,0.0032531194295900567,0.0,0.0
2014-06-18,-0.0038519095731021635,-0.0038519095731021635,0.0,0.0
2014-06-19,0.02828151215507091,0.02828151215507091,0.0,0.0
2014-06-20,0.01585820895522383,0.01585820895522383,0.0,0.0
2014-06-22,0.0,0.0,0.0,0.0
2014-06-23,0.011002648381650548,0.011002648381650548,0.0,0.0
2014-06-24,0.05273579266470263,0.05273579266470263,0.0,0.0
2014-06-25,-0.0047076671161626615,-0.0047076671161626615,0.0,0.0
2014-06-26,-0.035082066869300876,-0.035082066869300876,0.0,0.0
2014-06-27,0.0017582497968737787,0.0017582497968737787,0.0,0.0
2014-06-29,0.0,0.0,0.0,0.0
2014-06-30,-0.0011325175735485415,-0.0011325175735485415,0.0,0.0
2014-07-01,-0.02277021525356493,-0.02277021525356493,0.0,0.0
2014-07-01,0.0,-0.0020000000000000005,1.0000000000000002,20.0
2014-07-02,-0.002769282339218582,-0.002769282339218582,0.0,0.0
2014-07-03,0.017315728637778326,0.017315728637778326,0.0,0.0
2014-07-04,0.009673624581787088,0.009673624581787088,0.0,0.0
2014-07-06,0.0,0.0,0.0,0.0
2014-07-07,0.008624136692014905,0.008624136692014905,0.0,0.0
2014-07-08,-0.002269461712516241,-0.002269461712516241,0.0,0.0
2014-07-09,0.005345463186084842,0.005345463186084842,0.0,0.0
2014-07-10,-0.00090339697551598,-0.00090339697551598,0.0,0.0
2014-07-11,0.0052880854775114285,0.0052880854775114285,0.0,0.0
2014-07-13,0.0,0.0,0.0,0.0
2014-07-14,0.010860884229089408,0.010860884229089408,0.0,0.0
2014-07-15,-0.003344852646702224,-0.003344852646702224,0.0,0.0
2014-07-16,0.017174780888603337,0.017174780888603337,0.0,0.0
2014-07-17,0.0021195045194359777,0.0021195045194359777,0.0,0.0
2014-07-18,0.0009667890659086791,0.0009667890659086791,0.0,0.0
2014-07-20,0.0,0.0,0.0,0.0
2014-07-21,0.0027014665612857926,0.0027014665612857926,0.0,0.0
2014-07-22,-0.0012420739522784447,-0.0012420739522784447,0.0,0.0
2014-07-23,0.008176622057408234,0.008176622057408234,0.0,0.0
2014-07-24,0.013678783255005923,0.013678783255005923,0.0,0.0
2014-07-25,0.003973418292881892,0.003973418292881892,0.0,0.0
2014-07-27,0.0,0.0,0.0,0.0
2014-07-28,0.0,0.0,0.0,0.0
2014-07-29,0.0,0.0,0.0,0.0
2014-07-30,0.0,0.0,0.0,0.0
2014-07-31,-0.006945411371450939,-0.006945411371450939,0.0,0.0
2014-08-01,0.0020713679118943506,0.0020713679118943506,0.0,0.0
2014-08-01,0.0,-0.0006,0.3,20.0
2014-08-03,0.0,0.0,0.0,0.0
2014-08-04,-0.0061978695130527894,-0.0061978695130527894,0.0,0.0
2014-08-05,-0.01763991915675475,-0.01763991915675475,0.0,0.0
2014-08-06,-0.007401281182474809,-0.007401281182474809,0.0,0.0
2014-08-07,-0.009222811903977956,-0.009222811903977956,0.0,0.0
2014-08-08,-0.004967257768240963,-0.004967257768240963,0.0,0.0
2014-08-10,0.0,0.0,0.0,0.0
2014-08-11,-0.02249222079826694,-0.02249222079826694,0.0,0.0
2014-08-12,0.004215369028893113,0.004215369028893113,0.0,0.0
2014-08-13,-0.003025987126846098,-0.003025987126846098,0.0,0.0
2014-08-14,0.012667874851967655,0.012667874851967655,0.0,0.0
2014-08-15,-0.0005310047000753647,-0.0005310047000753647,0.0,0.0
2014-08-17,0.0,0.0,0.0,0.0
2014-08-18,0.00795660955516635,0.00795660955516635,0.0,0.0
2014-08-19,0.02516188996272806,0.02516188996272806,0.0,0.0
2014-08-20,0.0034245326163445337,0.0034245326163445337,0.0,0.0
2014-08-21,0.0005491299779880053,0.0005491299779880053,0.0,0.0
2014-08-22,-0.000386564405919254,-0.000386564405919254,0.0,0.0
2014-08-24,0.0,0.0,0.0,0.0
2014-08-25,0.01008737677674585,0.01008737677674585,0.0,0.0
2014-08-26,0.008545559293129203,0.008545559293129203,0.0,0.0
2014-08-27,0.003464738453339101,0.003464738453339101,0.0,0.0
2014-08-28,0.0035275929150820782,0.0035275929150820782,0.0,0.0
2014-08-29,-0.003570331159158924,-0.003570331159158924,0.0,0.0
2014-08-31,0.0,0.0,0.0,0.0
2014-08-31,0.0,-0.0018000000000000004,0.9000000000000001,20.0
2014-09-01,-0.0007477113574839156,-0.0007477113574839156,0.0,0.0
2014-09-01,0.0,-0.0020000000000000005,1.0000000000000002,20.0
2014-09-02,0.007020943906712185,0.007020943906712185,0.0,0.0
2014-09-03,0.002713660581626487,0.002713660581626487,0.0,0.0
2014-09-04,0.002718952731122282,0.002718952731122282,0.0,0.0
2014-09-05,0.005357283192282292,0.005357283192282292,0.0,0.0
2014-09-07,0.0,0.0,0.0,0.0
2014-09-08,-0.007588305575793819,-0.007588305575793819,0.0,0.0
2014-09-09,-0.01768972762269354,-0.01768972762269354,0.0,0.0
2014-09-10,-0.015531871214383586,-0.015531871214383586,0.0,0.0
2014-09-11,-0.0024167367430389056,-0.0024167367430389056,0.0,0.0
2014-09-12,-0.0027655343575967994,-0.0027655343575967994,0.0,0.0
2014-09-14,0.0,0.0,0.0,0.0
2014-09-15,-0.007234572555899955,-0.007234572555899955,0.0,0.0
2014-09-16,-0.022938748277424783,-0.022938748277424783,0.0,0.0
2014-09-17,0.006886843521857244,0.006886843521857244,0.0,0.0
2014-09-18,-0.01737969477203779,-0.01737969477203779,0.0,0.0
2014-09-19,-0.003852423683656536,-0.003852423683656536,0.0,0.0
2014-09-21,0.0,0.0,0.0,0.0
2014-09-22,-0.014452312796780498,-0.014452312796780498,0.0,0.0
2014-09-23,0.004748442149196808,0.004748442149196808,0.0,0.0
2014-09-24,0.0005204906612545799,0.0005204906612545799,0.0,0.0
2014-09-25,0.015342778900966771,0.015342778900966771,0.0,0.0
2014-09-26,-0.023359971484632373,-0.023359971484632373,0.0,0.0
2014-09-28,0.0,0.0,0.0,0.0
2014-09-29,-0.0008263531931342991,-0.0008263531931342991,0.0,0.0
2014-09-30,0.005661496857336712,0.005661496857336712,0.0,0.0
2014-10-01,-0.010869830431433835,-0.010869830431433835,0.0,0.0
2014-10-01,0.0,-0.0007999999999999999,0.39999999999999997,20.0
2014-10-02,0.0007615817000178329,0.0007615817000178329,0.0,0.0
2014-10-03,0.009837071754506278,0.009837071754506278,0.0,0.0
2014-10-05,0.0,0.0,0.0,0.0
2014-10-06,0.0,0.0,0.0,0.0
2014-10-07,0.0,0.0,0.0,0.0
2014-10-08,-0.02503182978960146,-0.02503182978960146,0.0,0.0
2014-10-09,0.01574466412976934,0.01574466412976934,0.0,0.0
2014-10-10,-0.013470222767481554,-0.013470222767481554,0.0,0.0
2014-10-12,0.0,0.0,0.0,0.0
2014-10-13,0.015008878288203995,0.015008878288203995,0.0,0.0
2014-10-14,0.004605018577402964,0.004605018577402964,0.0,0.0
2014-10-15,0.005992043114287294,0.005992043114287294,0.0,0.0
2014-10-16,0.0022917640971747318,0.0022917640971747318,0.0,0.0
2014-10-17,0.012449294069515796,0.012449294069515796,0.0,0.0
2014-10-19,0.0,0.0,0.0,0.0
2014-10-20,0.015833033570950672,0.015833033570950672,0.0,0.0
2014-10-21,0.005907189848779638,0.005907189848779638,0.0,0.0
2014-10-22,0.009028845428198762,0.009028845428198762,0.0,0.0
2014-10-23,0.01193694613188081,0.01193694613188081,0.0,0.0
2014-10-24,0.008025736101117665,0.008025736101117665,0.0,0.0
2014-10-26,0.0,0.0,0.0,0.0
2014-10-27,0.004018666648328873,0.004018666648328873,0.0,0.0
2014-10-28,0.001895901420479729,0.001895901420479729,0.0,0.0
2014-10-29,0.0,0.0,0.0,0.0
2014-10-30,0.002966082717915031,0.002966082717915031,0.0,0.0
2014-10-31,0.014881000276444123,0.014881000276444123,0.0,0.0
2014-11-02,0.0,0.0,0.0,0.0
2014-11-02,0.0,-0.0002,0.1,20.0
2014-11-03,-0.005893171382511408,-0.005893171382511408,0.0,0.0
2014-11-04,0.003202426811338743,0.003202426811338743,0.0,0.0
2014-11-05,-0.006651127630455989,-0.006651127630455989,0.0,0.0
2014-11-06,-0.013358462575302467,-0.013358462575302467,0.0,0.0
2014-11-07,0.0019698747284394684,0.0019698747284394684,0.0,0.0
2014-11-09,0.0,0.0,0.0,0.0
2014-11-10,0.00021782951885291864,0.00021782951885291864,0.0,0.0
2014-11-11,0.009850081219563834,0.009850081219563834,0.0,0.0
2014-11-12,0.0010868670611168699,0.0010868670611168699,0.0,0.0
2014-11-13,-0.0007663463642427319,-0.0007663463642427319,0.0,0.0
2014-11-14,0.0010964341174194202,0.0010964341174194202,0.0,0.0
2014-11-16,0.0,0.0,0.0,0.0
2014-11-17,-0.0012600704370284372,-0.0012600704370284372,0.0,0.0
2014-11-18,0.001140866012045405,0.001140866012045405,0.0,0.0
2014-11-19,0.008528938590013602,0.008528938590013602,0.0,0.0
2014-11-20,0.017979472057034065,0.017979472057034065,0.0,0.0
2014-11-21,-0.0004374804872673942,-0.0004374804872673942,0.0,0.0
2014-11-23,0.0,0.0,0.0,0.0
2014-11-24,0.018247530244303443,0.018247530244303443,0.0,0.0
2014-11-25,0.009434891383087396,0.009434891383087396,0.0,0.0
2014-11-26,0.0015557332452591282,0.0015557332452591282,0.0,0.0
2014-11-27,0.0060231873357163524,0.0060231873357163524,0.0,0.0
2014-11-28,-0.002181656630544582,-0.002181656630544582,0.0,0.0
2014-11-30,0.0,0.0,0.0,0.0
2014-11-30,0.0,-0.0018000000000000004,0.9000000000000001,20.0
2014-12-01,-0.002702673552961332,-0.002702673552961332,0.0,0.0
2014-12-01,0.0,-0.0020000000000000005,1.0000000000000002,20.0
2014-12-02,0.007724667320045243,0.007724667320045243,0.0,0.0
2014-12-03,0.006413414038542476,0.006413414038542476,0.0,0.0
2014-12-04,0.01393490564641834,0.01393490564641834,0.0,0.0
2014-12-05,0.0007431059111175141,0.0007431059111175141,0.0,0.0
2014-12-07,0.0,0.0,0.0,0.0
2014-12-08,0.0007536201423201218,0.0007536201423201218,0.0,0.0
2014-12-09,-0.014097059147047142,-0.014097059147047142,0.0,0.0
2014-12-10,0.002711488692131514,0.002711488692131514,0.0,0.0
2014-12-11,-0.014006664831853956,-0.014006664831853956,0.0,0.0
2014-12-12,-0.004361549385012464,-0.004361549385012464,0.0,0.0
2014-12-14,0.0,0.0,0.0,0.0
2014-12-15,-0.00731124762938269,-0.00731124762938269,0.0,0.0
2014-12-16,-0.030687620352027493,-0.030687620352027493,0.0,0.0
2014-12-17,0.040881256014787426,0.040881256014787426,0.0,0.0
2014-12-18,0.01739034360475309,0.01739034360475309,0.0,0.0
2014-12-19,-0.0004221361220102188,-0.0004221361220102188,0.0,0.0
2014-12-21,0.0,0.0,0.0,0.0
2014-12-22,0.01759079497127166,0.01759079497127166,0.0,0.0
2014-12-23,-0.0020151486280941544,-0.0020151486280941544,0.0,0.0
2014-12-24,-0.0027776000212010325,-0.0027776000212010325,0.0,0.0
2014-12-25,-0.0013668720445483508,-0.0013668720445483508,0.0,0.0
2014-12-26,0.003361000235887024,0.003361000235887024,0.0,0.0
2014-12-28,0.0,0.0,0.0,0.0
2014-12-29,-0.0067372184556198315,-0.0067372184556198315,0.0,0.0
2014-12-30,-0.0023278783714696387,-0.0023278783714696387,0.0,0.0
2014-12-31,0.011074157559537934,0.011074157559537934,0.0,0.0
2015-01-01,0.0,0.0,0.0,0.0
2015-01-01,0.0,-0.0006,0.3,20.0
2015-01-02,0.003166025099049264,0.003166025099049264,0.0,0.0
2015-01-04,0.0,0.0,0.0,0.0
2015-01-05,0.009720238313824514,0.009720238313824514,0.0,0.0
2015-01-06,0.012949914311649836,0.012949914311649836,0.0,0.0
2015-01-07,0.01770194229896832,0.01770194229896832,0.0,0.0
2015-01-08,0.01748222914940112,0.01748222914940112,0.0,0.0
2015-01-09,0.0025877332240935697,0.0025877332240935697,0.0,0.0
2015-01-11,0.0,0.0,0.0,0.0
2015-01-12,-0.0015565647311936103,-0.0015565647311936103,0.0,0.0
2015-01-13,0.002381267026258893,0.002381267026258893,0.0,0.0
2015-01-14,-0.01202807868587741,-0.01202807868587741,0.0,0.0
2015-01-15,-0.0009223118089702552,-0.0009223118089702552,0.0,0.0
2015-01-16,-0.01301687089881779,-0.01301687089881779,0.0,0.0
2015-01-18,0.0,0.0,0.0,0.0
2015-01-19,0.010247755817393601,0.010247755817393601,0.0,0.0
2015-01-20,0.00969637954084447,0.00969637954084447,0.0,0.0
2015-01-21,0.0040707442410129364,0.0040707442410129364,0.0,0.0
2015-01-22,0.015891224967021854,0.015891224967021854,0.0,0.0
2015-01-23,0.002340353825360608,0.002340353825360608,0.0,0.0
2015-01-25,0.0,0.0,0.0,0.0
2015-01-26,0.017640092436294143,0.017640092436294143,0.0,0.0
2015-01-27,-0.005974005925503788,-0.005974005925503788,0.0,0.0
2015-01-28,-0.005139303759262382,-0.005139303759262382,0.0,0.0
2015-01-29,-0.006963064319752888,-0.006963064319752888,0.0,0.0
2015-01-30,-0.00231391966990484,-0.00231391966990484,0.0,0.0
2015-02-01,0.0,0.0,0.0,0.0
2015-02-01,0.0,-0.0006,0.3,20.0
2015-02-02,0.0040663082363394,0.0040663082363394,0.0,0.0
2015-02-03,-0.017238816629233267,-0.017238816629233267,0.0,0.0
2015-02-04,-0.00601898827530023,-0.00601898827530023,0.0,0.0
2015-02-05,0.009371264536197531,0.009371264536197531,0.0,0.0
2015-02-06,-0.0007277098000495032,-0.0007277098000495032,0.0,0.0
2015-02-08,0.0,0.0,0.0,0.0
2015-02-09,-0.0061216345659666944,-0.0061216345659666944,0.0,0.0
2015-02-10,-0.004674303902359956,-0.004674303902359956,0.0,0.0
2015-02-11,-0.00012224545048841154,-0.00012224545048841154,0.0,0.0
2015-02-12,0.011680877796030664,0.011680877796030664,0.0,0.0
2015-02-13,0.011004644494190509,0.011004644494190509,0.0,0.0
2015-02-15,0.0,0.0,0.0,0.0
2015-02-16,0.007180200175761365,0.007180200175761365,0.0,0.0
2015-02-17,-0.012965921798564307,-0.012965921798564307,0.0,0.0
2015-02-18,0.0007753215577211868,0.0007753215577211868,0.0,0.0
2015-02-19,0.010807271030727629,0.010807271030727629,0.0,0.0
2015-02-20,-0.00782707083815637,-0.00782707083815637,0.0,0.0
2015-02-22,0.0,0.0,0.0,0.0
2015-02-23,0.005888721258927543,0.005888721258927543,0.0,0.0
2015-02-24,0.012858090172159553,0.012858090172159553,0.0,0.0
2015-02-25,-0.0035299201552445483,-0.0035299201552445483,0.0,0.0
2015-02-26,0.00849978135078261,0.00849978135078261,0.0,0.0
2015-02-27,-0.023359481452965118,-0.023359481452965118,0.0,0.0
2015-02-28,0.0,0.0,0.0,0.0
2015-02-28,0.0,-0.0006,0.3,20.0
2015-03-01,0.0,0.0,0.0,0.0
2015-03-01,0.0,-0.0020000000000000005,1.0000000000000002,20.0
2015-03-02,0.009554776619623007,0.009554776619623007,0.0,0.0
2015-03-03,-0.006121925567040498,-0.006121925567040498,0.0,0.0
2015-03-04,-0.03474209454459731,-0.03474209454459731,0.0,0.0
2015-03-05,0.00974108121784606,0.00974108121784606,0.0,0.0
2015-03-06,0.012892757993050341,0.012892757993050341,0.0,0.0
2015-03-08,0.0,0.0,0.0,0.0
2015-03-09,-0.014881725729133988,-0.014881725729133988,0.0,0.0
2015-03-10,-0.044625186765782365,-0.044625186765782365,0.0,0.0
2015-03-11,-0.02505053878519692,-0.02505053878519692,0.0,0.0
2015-03-12,0.002716414811581136,0.002716414811581136,0.0,0.0
2015-03-13,0.0038098818645387333,0.0038098818645387333,0.0,0.0
2015-03-15,0.0,0.0,0.0,0.0
2015-03-16,-0.02831120781172808,-0.02831120781172808,0.0,0.0
2015-03-17,0.005154639175257714,0.005154639175257714,0.0,0.0
2015-03-18,0.006600696434081121,0.006600696434081121,0.0,0.0
2015-03-19,0.023810559571940115,0.023810559571940115,0.0,0.0
2015-03-20,0.03004528971409892,0.03004528971409892,0.0,0.0
2015-03-22,0.0,0.0,0.0,0.0
2015-03-23,-0.029536808856030772,-0.029536808856030772,0.0,0.0
2015-03-24,-0.025748025772687366,-0.025748025772687366,0.0,0.0
2015-03-25,-0.0015028772098722998,-0.0015028772098722998,0.0,0.0
2015-03-26,-0.005269972950581292,-0.005269972950581292,0.0,0.0
2015-03-27,-0.014689406544647787,-0.014689406544647787,0.0,0.0
2015-03-29,0.0,0.0,0.0,0.0
2015-03-30,-0.011670249011044243,-0.011670249011044243,0.0,0.0
2015-03-31,-0.034548615684518336,-0.034548615684518336,0.0,0.0
2015-04-01,0.026091466289486,0.026091466289486,0.0,0.0
2015-04-01,0.0,-0.0020000000000000005,1.0000000000000002,20.0
2015-04-02,0.014679162998620808,0.014679162998620808,0.0,0.0
2015-04-03,0.003826877096582671,0.003826877096582671,0.0,0.0
2015-04-05,0.0,0.0,0.0,0.0
2015-04-06,0.004742822889033194,0.004742822889033194,0.0,0.0
2015-04-07,0.004893354755948043,0.004893354755948043,0.0,0.0
2015-04-08,0.012526107125528475,0.012526107125528475,0.0,0.0
2015-04-09,0.003383978613870642,0.003383978613870642,0.0,0.0
2015-04-10,0.016362715127442463,0.016362715127442463,0.0,0.0
2015-04-12,0.0,0.0,0.0,0.0
2015-04-13,-0.011303132529120442,-0.011303132529120442,0.0,0.0
2015-04-14,-0.001298702225639092,-0.001298702225639092,0.0,0.0
2015-04-15,-0.012606071640942906,-0.012606071640942906,0.0,0.0
2015-04-16,0.027251097026220646,0.027251097026220646,0.0,0.0
2015-04-17,0.012741764906100352,0.012741764906100352,0.0,0.0
2015-04-19,0.0,0.0,0.0,0.0
2015-04-20,0.009506839780544729,0.009506839780544729,0.0,0.0
2015-04-21,0.034293949338491746,0.034293949338491746,0.0,0.0
2015-04-22,-0.002966033631251375,-0.002966033631251375,0.0,0.0
2015-04-23,0.0,0.0,0.0,0.0
2015-04-24,0.008878356363508156,0.008878356363508156,0.0,0.0
2015-04-26,0.0,0.0,0.0,0.0
2015-04-27,0.012401634243407601,0.012401634243407601,0.0,0.0
2015-04-28,-0.007671971291511226,-0.007671971291511226,0.0,0.0
2015-04-29,-0.00870059206711803,-0.00870059206711803,0.0,0.0
2015-04-30,-0.02369224824494264,-0.02369224824494264,0.0,0.0
2015-05-01,0.0,0.0,0.0,0.0
2015-05-01,0.0,-0.0007999999999999999,0.39999999999999997,20.0
2015-05-03,0.0,0.0,0.0,0.0
2015-05-04,-0.010959288538455837,-0.010959288538455837,0.0,0.0
2015-05-05,0.003313216035812816,0.003313216035812816,0.0,0.0
2015-05-06,-0.004074216968012634,-0.004074216968012634,0.0,0.0
2015-05-07,0.0017723701745222748,0.0017723701745222748,0.0,0.0
2015-05-08,0.00868023998935329,0.00868023998935329,0.0,0.0
2015-05-10,0.0,0.0,0.0,0.0
2015-05-11,0.010118760184217812,0.010118760184217812,0.0,0.0
2015-05-12,0.003948316223784543,0.003948316223784543,0.0,0.0
2015-05-13,0.005522300723207596,0.005522300723207596,0.0,0.0
2015-05-14,0.00890068629344214,0.00890068629344214,0.0,0.0
2015-05-15,0.00138350007276894,0.00138350007276894,0.0,0.0
2015-05-17,0.0,0.0,0.0,0.0
2015-05-18,0.006599577073153607,0.006599577073153607,0.0,0.0
2015-05-19,0.0,0.0,0.0,0.0
2015-05-20,-0.003840872171044985,-0.003840872171044985,0.0,0.0
2015-05-21,-0.0032352660248785477,-0.0032352660248785477,0.0,0.0
2015-05-22,-0.004288515210306898,-0.004288515210306898,0.0,0.0
2015-05-24,0.0,0.0,0.0,0.0
2015-05-25,-0.01245535131980553,-0.01245535131980553,0.0,0.0
2015-05-26,-0.009393146263588538,-0.009393146263588538,0.0,0.0
2015-05-27,0.003910758095343492,0.003910758095343492,0.0,0.0
2015-05-28,-0.003134425953578013,-0.003134425953578013,0.0,0.0
2015-05-29,-0.0068523161350427806,-0.0068523161350427806,0.0,0.0
2015-05-31,0.0,0.0,0.0,0.0
2015-06-01,-0.03214405698585221,-0.03214405698585221,0.0,0.0
2015-06-01,0.0,-0.0004,0.2,20.0
2015-06-02,0.009511919748562204,0.009511919748562204,0.0,0.0
2015-06-03,0.01667983042376564,0.01667983042376564,0.0,0.0
2015-06-04,-0.008338997762040012,-0.008338997762040012,0.0,0.0
2015-06-05,-0.007478740008346263,-0.007478740008346263,0.0,0.0
2015-06-07,0.0,0.0,0.0,0.0
2015-06-08,-0.04445983346991644,-0.04445983346991644,0.0,0.0
2015-06-09,0.018999585846847345,0.018999585846847345,0.0,0.0
2015-06-10,0.018562442161800217,0.018562442161800217,0.0,0.0
2015-06-11,0.006207544593771564,0.006207544593771564,0.0,0.0
2015-06-12,0.004500154990575777,0.004500154990575777,0.0,0.0
2015-06-14,0.0,0.0,0.0,0.0
2015-06-15,-0.025497339340175583,-0.025497339340175583,0.0,0.0
2015-06-16,0.020862598211486595,0.020862598211486595,0.0,0.0
2015-06-17,-0.0023622498922290062,-0.0023622498922290062,0.0,0.0
2015-06-18,0.0276702938470381,0.0276702938470381,0.0,0.0
2015-06-19,0.01472469236499474,0.01472469236499474,0.0,0.0
2015-06-21,0.0,0.0,0.0,0.0
2015-06-22,0.006362486357341268,0.006362486357341268,0.0,0.0
2015-06-23,0.02056219210059285,0.02056219210059285,0.0,0.0
2015-06-24,0.00012790387773710128,0.00012790387773710128,0.0,0.0
2015-06-25,0.0014625134551386814,0.0014625134551386814,0.0,0.0
2015-06-26,0.012661607108996387,0.012661607108996387,0.0,0.0
2015-06-28,0.0,0.0,0.0,0.0
2015-06-29,-0.017623300279097413,-0.017623300279097413,0.0,0.0
2015-06-30,0.010054505630407853,0.010054505630407853,0.0,0.0
2015-07-01,0.0005650757419059845,0.0005650757419059845,0.0,0.0
2015-07-01,0.0,-0.0004,0.2,20.0
2015-07-02,0.0005653003128808787,0.0005653003128808787,0.0,0.0
2015-07-03,-0.009268126638866959,-0.009268126638866959,0.0,0.0
2015-07-05,0.0,0.0,0.0,0.0
2015-07-06,0.005071426774152444,0.005071426774152444,0.0,0.0
2015-07-07,-0.0007634180069436827,-0.0007634180069436827,0.0,0.0
2015-07-08,-0.0033451496320152543,-0.0033451496320152543,0.0,0.0
2015-07-09,0.014760814750124408,0.014760814750124408,0.0,0.0
2015-07-10,0.004644637347287917,0.004644637347287917,0.0,0.0
2015-07-12,0.0,0.0,0.0,0.0
2015-07-13,0.00459522456787489,0.00459522456787489,0.0,0.0
2015-07-14,-0.002402091568090115,-0.002402091568090115,0.0,0.0
2015-07-15,-0.004727423927848218,-0.004727423927848218,0.0,0.0
2015-07-16,0.0022804982778636745,0.0022804982778636745,0.0,0.0
2015-07-17,0.0,0.0,0.0,0.0
2015-07-19,0.0,0.0,0.0,0.0
2015-07-20,-0.003919016678791587,-0.003919016678791587,0.0,0.0
2015-07-21,0.020393157171699317,0.020393157171699317,0.0,0.0
2015-07-22,-0.007249469949867193,-0.007249469949867193,0.0,0.0
2015-07-23,-0.05124451121317826,-0.05124451121317826,0.0,0.0
2015-07-24,0.022165374636070934,0.022165374636070934,0.0,0.0
2015-07-26,0.0,0.0,0.0,0.0
2015-07-27,-0.012031932714330331,-0.012031932714330331,0.0,0.0
2015-07-28,0.013057972309246236,0.013057972309246236,0.0,0.0
2015-07-29,0.003645144706444336,0.003645144706444336,0.0,0.0
2015-07-30,0.015870575758287177,0.015870575758287177,0.0,0.0
2015-07-31,0.012596288502380305,0.012596288502380305,0.0,0.0
2015-08-02,0.0,0.0,0.0,0.0
2015-08-02,0.0,-0.0004,0.2,20.0
2015-08-03,-0.022869366078194064,-0.022869366078194064,0.0,0.0
2015-08-04,0.005299014940141933,0.005299014940141933,0.0,0.0
2015-08-05,0.013015738076035278,0.013015738076035278,0.0,0.0
2015-08-06,0.002231884284393282,0.002231884284393282,0.0,0.0
2015-08-07,-0.0136741043931371,-0.0136741043931371,0.0,0.0
2015-08-09,0.0,0.0,0.0,0.0
2015-08-10,-0.023549205035986055,-0.023549205035986055,0.0,0.0
2015-08-11,0.027105106161861237,0.027105106161861237,0.0,0.0
2015-08-12,-0.021448273781678354,-0.021448273781678354,0.0,0.0
2015-08-13,-0.0013116293617096327,-0.0013116293617096327,0.0,0.0
2015-08-14,0.004266879479549823,0.004266879479549823,0.0,0.0
2015-08-16,0.0,0.0,0.0,0.0
2015-08-17,-0.001281773946138432,-0.001281773946138432,0.0,0.0
2015-08-18,-0.0072337961151345284,-0.0072337961151345284,0.0,0.0
2015-08-19,-0.007349690208461192,-0.007349690208461192,0.0,0.0
2015-08-20,-0.030249332238572714,-0.030249332238572714,0.0,0.0
2015-08-21,-0.014773484093715029,-0.014773484093715029,0.0,0.0
2015-08-23,0.0,0.0,0.0,0.0
2015-08-24,-0.04050791745318116,-0.04050791745318116,0.0,0.0
2015-08-25,0.023267571082894768,0.023267571082894768,0.0,0.0
2015-08-26,0.009008322084810871,0.009008322084810871,0.0,0.0
2015-08-27,0.012631491314488286,0.012631491314488286,0.0,0.0
2015-08-28,-0.010780510678108002,-0.010780510678108002,0.0,0.0
2015-08-30,0.0,0.0,0.0,0.0
2015-08-31,-0.001368232181545937,-0.001368232181545937,0.0,0.0
2015-09-01,-0.016368754792245623,-0.016368754792245623,0.0,0.0
2015-09-01,0.0,-0.0006,0.3,20.0
2015-09-02,-9.472521842002202e-05,-9.472521842002202e-05,0.0,0.0
2015-09-03,0.004293796616013135,0.004293796616013135,0.0,0.0
2015-09-04,-0.005139846514650137,-0.005139846514650137,0.0,0.0
2015-09-06,0.0,0.0,0.0,0.0
2015-09-07,-0.012093673999808374,-0.012093673999808374,0.0,0.0
2015-09-08,-0.0007968512136965255,-0.0007968512136965255,0.0,0.0
2015-09-09,0.001482097436893748,0.001482097436893748,0.0,0.0
2015-09-10,-0.006761782687017037,-0.006761782687017037,0.0,0.0
2015-09-11,0.001233070733366748,0.001233070733366748,0.0,0.0
2015-09-13,0.0,0.0,0.0,0.0
2015-09-14,0.0007581641292107029,0.0007581641292107029,0.0,0.0
2015-09-15,0.013175186325598887,0.013175186325598887,0.0,0.0
2015-09-16,0.009104539400159007,0.009104539400159007,0.0,0.0
2015-09-17,0.007146679725185234,0.007146679725185234,0.0,0.0
2015-09-18,0.0025320941133774475,0.0025320941133774475,0.0,0.0
2015-09-20,0.0,0.0,0.0,0.0
2015-09-21,0.007455275968908049,0.007455275968908049,0.0,0.0
2015-09-22,-0.007467079744867289,-0.007467079744867289,0.0,0.0
2015-09-23,-0.00391798377468473,-0.00391798377468473,0.0,0.0
2015-09-24,0.0,0.0,0.0,0.0
2015-09-25,0.0,0.0,0.0,0.0
2015-09-27,0.0,0.0,0.0,0.0
2015-09-28,-0.00792840646405758,-0.00792840646405758,0.0,0.0
2015-09-29,0.0035825598563077547,0.0035825598563077547,0.0,0.0
2015-09-30,-0.0007895341684291401,-0.0007895341684291401,0.0,0.0
2015-10-01,0.0,-0.0004,0.2,20.0
2015-10-01,-0.002134588313266939,-0.002134588313266939,0.0,0.0
2015-10-02,-0.004445008778249937,-0.004445008778249937,0.0,0.0
2015-10-04,0.0,0.0,0.0,0.0
2015-10-05,0.018120113048800835,0.018120113048800835,0.0,0.0
2015-10-06,-1.34353901029673e-05,-1.34353901029673e-05,0.0,0.0
2015-10-07,0.012684507393574485,0.012684507393574485,0.0,0.0
2015-10-08,0.00768383449401523,0.00768383449401523,0.0,0.0
2015-10-09,0.006781901601857221,0.006781901601857221,0.0,0.0
2015-10-11,0.0,0.0,0.0,0.0
2015-10-12,0.009529453256181509,0.009529453256181509,0.0,0.0
2015-10-13,-0.006455875915061948,-0.006455875915061948,0.0,0.0
2015-10-14,0.010051724703937115,0.010051724703937115,0.0,0.0
2015-10-15,0.010897645372120358,0.010897645372120358,0.0,0.0
2015-10-16,-0.013125512733424795,-0.013125512733424795,0.0,0.0
2015-10-18,0.0,0.0,0.0,0.0
2015-10-19,0.017315171526716577,0.017315171526716577,0.0,0.0
2015-10-20,-0.0010724284678179426,-0.0010724284678179426,0.0,0.0
2015-10-21,0.0011350443321890618,0.0011350443321890618,0.0,0.0
2015-10-22,0.012389424815442586,0.012389424815442586,0.0,0.0
2015-10-23,0.0011099599937241743,0.0011099599937241743,0.0,0.0
2015-10-25,0.0,0.0,0.0,0.0
2015-10-26,-0.013875922054057622,-0.013875922054057622,0.0,0.0
2015-10-27,-0.017916213265795688,-0.017916213265795688,0.0,0.0
2015-10-28,-0.010223454151806831,-0.010223454151806831,0.0,0.0
2015-10-29,0.0,0.0,0.0,0.0
2015-10-30,0.015815265642016473,0.015815265642016473,0.0,0.0
2015-11-01,0.0,0.0,0.0,0.0
2015-11-01,0.0,-0.0004,0.2,20.0
2015-11-02,0.042150611416974945,0.042150611416974945,0.0,0.0
2015-11-03,0.003510424489770625,0.003510424489770625,0.0,0.0
2015-11-04,0.009725991716207416,0.009725991716207416,0.0,0.0
2015-11-05,-0.006711031354895248,-0.006711031354895248,0.0,0.0
2015-11-06,-0.00640412588089907,-0.00640412588089907,0.0,0.0
2015-11-08,0.0,0.0,0.0,0.0
2015-11-09,0.008037988104302762,0.008037988104302762,0.0,0.0
2015-11-10,-0.0062724869739954284,-0.0062724869739954284,0.0,0.0
2015-11-11,0.009079402508940028,0.009079402508940028,0.0,0.0
2015-11-12,0.013556929876083625,0.013556929876083625,0.0,0.0
2015-11-13,-0.008394468208219298,-0.008394468208219298,0.0,0.0
2015-11-15,0.0,0.0,0.0,0.0
2015-11-16,-0.001179386259186277,-0.001179386259186277,0.0,0.0
2015-11-17,0.003592522060614601,0.003592522060614601,0.0,0.0
2015-11-18,-0.005862919035026859,-0.005862919035026859,0.0,0.0
2015-11-19,0.001624222600322023,0.001624222600322023,0.0,0.0
2015-11-20,0.005319596997716114,0.005319596997716114,0.0,0.0
2015-11-22,0.0,0.0,0.0,0.0
2015-11-23,-0.00867986911160723,-0.00867986911160723,0.0,0.0
2015-11-24,-0.03808523717374438,-0.03808523717374438,0.0,0.0
2015-11-25,0.003788068487831364,0.003788068487831364,0.0,0.0
2015-11-26,-0.017293131276931162,-0.017293131276931162,0.0,0.0
2015-11-27,0.010329360443311387,0.010329360443311387,0.0,0.0
2015-11-29,0.0,0.0,0.0,0.0
2015-11-30,-0.003049265816662794,-0.003049265816662794,0.0,0.0
2015-12-01,0.01755292400674896,0.01755292400674896,0.0,0.0
2015-12-01,0.0,-0.0006,0.3,20.0
2015-12-02,-0.0010376398950700304,-0.0010376398950700304,0.0,0.0
2015-12-03,-0.0023084514555905544,-0.0023084514555905544,0.0,0.0
2015-12-04,-0.014487100270839482,-0.014487100270839482,0.0,0.0
2015-12-06,0.0,0.0,0.0,0.0
2015-12-07,-0.007233321210723931,-0.007233321210723931,0.0,0.0
2015-12-08,-0.010786000794885254,-0.010786000794885254,0.0,0.0
2015-12-09,0.009411159290061777,0.009411159290061777,0.0,0.0
2015-12-10,-0.026851578937545008,-0.026851578937545008,0.0,0.0
2015-12-11,-0.012821799911256104,-0.012821799911256104,0.0,0.0
2015-12-13,0.0,0.0,0.0,0.0
2015-12-14,-0.016010138362520777,-0.016010138362520777,0.0,0.0
2015-12-15,0.02830379738823004,0.02830379738823004,0.0,0.0
2015-12-16,0.0036800494304859667,0.0036800494304859667,0.0,0.0
2015-12-17,0.009814752892061775,0.009814752892061775,0.0,0.0
2015-12-18,-0.014587308972405323,-0.014587308972405323,0.0,0.0
2015-12-20,0.0,0.0,0.0,0.0
2015-12-21,0.00230529174672195,0.00230529174672195,0.0,0.0
2015-12-22,-0.005512880440363088,-0.005512880440363088,0.0,0.0
2015-12-23,0.015200305316664543,0.015200305316664543,0.0,0.0
2015-12-24,0.0008431167214071223,0.0008431167214071223,0.0,0.0
2015-12-25,-0.0014448792349731176,-0.0014448792349731176,0.0,0.0
2015-12-27,0.0,0.0,0.0,0.0
2015-12-28,0.0009396123783912194,0.0009396123783912194,0.0,0.0
2015-12-29,-0.002986389586638505,-0.002986389586638505,0.0,0.0
2015-12-30,-0.002192904088618498,-0.002192904088618498,0.0,0.0
2015-12-31,-0.0033612337679127754,-0.0033612337679127754,0.0,0.0
2016-01-01,0.0,0.0,0.0,0.0
2016-01-01,0.0,-0.0006,0.3,20.0
2016-01-03,0.0,0.0,0.0,0.0
2016-01-04,-0.018849877431827256,-0.018849877431827256,0.0,0.0
2016-01-05,-0.004809423620470344,-0.004809423620470344,0.0,0.0
2016-01-06,0.007328100620488089,0.007328100620488089,0.0,0.0
2016-01-07,-0.006222955307970502,-0.006222955307970502,0.0,0.0
2016-01-08,-0.005706030684430774,-0.005706030684430774,0.0,0.0
2016-01-10,0.0,0.0,0.0,0.0
2016-01-11,0.00140877990347551,0.00140877990347551,0.0,0.0
2016-01-12,0.007636800896911356,0.007636800896911356,0.0,0.0
2016-01-13,0.008724494445808827,0.008724494445808827,0.0,0.0
2016-01-14,-0.012196287652628358,-0.012196287652628358,0.0,0.0
2016-01-15,-0.005206008889765757,-0.005206008889765757,0.0,0.0
2016-01-17,0.0,0.0,0.0,0.0
2016-01-18,-0.011388461609237621,-0.011388461609237621,0.0,0.0
2016-01-19,0.016478457486180022,0.016478457486180022,0.0,0.0
2016-01-20,-0.021358270514843836,-0.021358270514843836,0.0,0.0
2016-01-21,-0.0060262028330117295,-0.0060262028330117295,0.0,0.0
2016-01-22,0.0328839988034019,0.0328839988034019,0.0,0.0
2016-01-24,0.0,0.0,0.0,0.0
2016-01-25,0.005271769687303375,0.005271769687303375,0.0,0.0
2016-01-26,0.004707842045469101,0.004707842045469101,0.0,0.0
2016-01-27,0.011062936475242258,0.011062936475242258,0.0,0.0
2016-01-28,0.001828758932144925,0.001828758932144925,0.0,0.0
2016-01-29,0.009181714181050515,0.009181714181050515,0.0,0.0
2016-01-31,0.0,0.0,0.0,0.0
2016-02-01,0.004060521433021968,0.004060521433021968,0.0,0.0
2016-02-01,0.0,-0.0006,0.3,20.0
2016-02-02,-0.003656045901054317,-0.003656045901054317,0.0,0.0
2016-02-03,0.004004670478598871,0.004004670478598871,0.0,0.0
2016-02-04,0.02210150762225054,0.02210150762225054,0.0,0.0
2016-02-05,-0.004767605550571341,-0.004767605550571341,0.0,0.0
2016-02-07,0.0,0.0,0.0,0.0
2016-02-08,-0.018140169596530163,-0.018140169596530163,0.0,0.0
2016-02-09,-0.01006422602220215,-0.01006422602220215,0.0,0.0
2016-02-10,0.006418311804606047,0.006418311804606047,0.0,0.0
2016-02-11,-0.01183151129518154,-0.01183151129518154,0.0,0.0
2016-02-12,6.047199791394688e-05,6.047199791394688e-05,0.0,0.0
2016-02-14,0.0,0.0,0.0,0.0
2016-02-15,0.006949460416695308,0.006949460416695308,0.0,0.0
2016-02-16,0.008788944008587232,0.008788944008587232,0.0,0.0
2016-02-17,0.011818414101995923,0.011818414101995923,0.0,0.0
2016-02-18,0.00556068014494846,0.00556068014494846,0.0,0.0
2016-02-19,-0.004133631698237639,-0.004133631698237639,0.0,0.0
2016-02-21,0.0,0.0,0.0,0.0
2016-02-22,0.011355976842472715,0.011355976842472715,0.0,0.0
2016-02-23,0.011652356690981648,0.011652356690981648,0.0,0.0
2016-02-24,-0.009561219780802722,-0.009561219780802722,0.0,0.0
2016-02-25,0.013626638640880474,0.013626638640880474,0.0,0.0
2016-02-26,0.002677085511947963,0.002677085511947963,0.0,0.0
2016-02-28,0.0,0.0,0.0,0.0
2016-02-29,0.01574517529977625,0.01574517529977625,0.0,0.0
2016-03-01,-0.003974030189478618,-0.003974030189478618,0.0,0.0
2016-03-01,0.0,-0.0004,0.2,20.0
2016-03-02,-0.006624760415301722,-0.006624760415301722,0.0,0.0
2016-03-03,-0.011410471513024479,-0.011410471513024479,0.0,0.0
2016-03-04,0.009442624213962823,0.009442624213962823,0.0,0.0
2016-03-06,0.0,0.0,0.0,0.0
2016-03-07,0.009087255760855518,0.009087255760855518,0.0,0.0
2016-03-08,0.004242398071815112,0.004242398071815112,0.0,0.0
2016-03-09,-0.010729937126601863,-0.010729937126601863,0.0,0.0
2016-03-10,0.003674778331072004,0.003674778331072004,0.0,0.0
2016-03-11,-0.0016377628309706572,-0.0016377628309706572,0.0,0.0
2016-03-13,0.0,0.0,0.0,0.0
2016-03-14,0.008229526357794205,0.008229526357794205,0.0,0.0
2016-03-15,-0.004238853576100942,-0.004238853576100942,0.0,0.0
2016-03-16,0.0062025477352495965,0.0062025477352495965,0.0,0.0
2016-03-17,0.018948624676181858,0.018948624676181858,0.0,0.0
2016-03-18,0.016149742819021793,0.016149742819021793,0.0,0.0
2016-03-20,0.0,0.0,0.0,0.0
2016-03-21,0.0031024728851221876,0.0031024728851221876,0.0,0.0
2016-03-22,-0.01998982598609995,-0.01998982598609995,0.0,0.0
2016-03-23,-0.003016563583060827,-0.003016563583060827,0.0,0.0
2016-03-24,0.013249973224102363,0.013249973224102363,0.0,0.0
2016-03-25,0.008525975789502026,0.008525975789502026,0.0,0.0
2016-03-27,0.0,0.0,0.0,0.0
2016-03-28,0.009488688438651104,0.009488688438651104,0.0,0.0
2016-03-29,-0.0006179529520252578,-0.0006179529520252578,0.0,0.0
2016-03-30,0.019642507324957228,0.019642507324957228,0.0,0.0
2016-03-31,-0.0012106319263180502,-0.0012106319263180502,0.0,0.0
2016-04-01,0.009968726374793879,0.009968726374793879,0.0,0.0
2016-04-01,0.0,-0.0006,0.3,20.0
2016-04-03,0.0,0.0,0.0,0.0
2016-04-04,0.013617666144729968,0.013617666144729968,0.0,0.0
2016-04-05,-0.009167667027996717,-0.009167667027996717,0.0,0.0
2016-04-06,-0.0032672090841625373,-0.0032672090841625373,0.0,0.0
2016-04-07,-0.0005335600020457965,-0.0005335600020457965,0.0,0.0
2016-04-08,0.013717686441248302,0.013717686441248302,0.0,0.0
2016-04-10,0.0,0.0,0.0,0.0
2016-04-11,0.014854363186429631,0.014854363186429631,0.0,0.0
2016-04-12,0.0020546908622179785,0.0020546908622179785,0.0,0.0
2016-04-13,0.01600896994754202,0.01600896994754202,0.0,0.0
2016-04-14,0.0006226673078103206,0.0006226673078103206,0.0,0.0
2016-04-15,-0.00724697396977917,-0.00724697396977917,0.0,0.0
2016-04-17,0.0,0.0,0.0,0.0
2016-04-18,0.0029187368041668996,0.0029187368041668996,0.0,0.0
2016-04-19,0.0005626799338339984,0.0005626799338339984,0.0,0.0
2016-04-20,0.003008339553932005,0.003008339553932005,0.0,0.0
2016-04-21,0.0011330339447599646,0.0011330339447599646,0.0,0.0
2016-04-22,0.0049424424814991435,0.0049424424814991435,0.0,0.0
2016-04-24,0.0,0.0,0.0,0.0
2016-04-25,-0.0005783480518947613,-0.0005783480518947613,0.0,0.0
2016-04-26,-0.0026841458494379355,-0.0026841458494379355,0.0,0.0
2016-04-27,-0.003705089961753127,-0.003705089961753127,0.0,0.0
2016-04-28,-0.003977335362056922,-0.003977335362056922,0.0,0.0
2016-04-29,-0.002516465330951223,-0.002516465330951223,0.0,0.0
2016-05-01,0.0,0.0,0.0,0.0
2016-05-01,0.0,-0.0006,0.3,20.0
2016-05-02,0.005874754202287645,0.005874754202287645,0.0,0.0
2016-05-03,-0.029217829213955014,-0.029217829213955014,0.0,0.0
2016-05-04,-0.008042794408105836,-0.008042794408105836,0.0,0.0
2016-05-05,0.00275210866918354,0.00275210866918354,0.0,0.0
2016-05-06,0.0015200143373416916,0.0015200143373416916,0.0,0.0
2016-05-08,0.0,0.0,0.0,0.0
2016-05-09,0.02706886593739634,0.02706886593739634,0.0,0.0
2016-05-10,-0.009217462454918725,-0.009217462454918725,0.0,0.0
2016-05-11,0.0002429699807234174,0.0002429699807234174,0.0,0.0
2016-05-12,-0.0039873080600936976,-0.0039873080600936976,0.0,0.0
2016-05-13,-0.015277670572719294,-0.015277670572719294,0.0,0.0
2016-05-15,0.0,0.0,0.0,0.0
2016-05-16,0.0012225054697557968,0.0012225054697557968,0.0,0.0
2016-05-17,-0.004409684725422469,-0.004409684725422469,0.0,0.0
2016-05-18,0.0016917626628563326,0.0016917626628563326,0.0,0.0
2016-05-19,0.0,0.0,0.0,0.0
2016-05-20,-0.003889172807464048,-0.003889172807464048,0.0,0.0
2016-05-22,0.0,0.0,0.0,0.0
2016-05-23,0.001751515439022589,0.001751515439022589,0.0,0.0
2016-05-24,0.01746570202079123,0.01746570202079123,0.0,0.0
2016-05-25,0.0029141434055234175,0.0029141434055234175,0.0,0.0
2016-05-26,-0.004316561025008403,-0.004316561025008403,0.0,0.0
2016-05-27,-0.001271558796964767,-0.001271558796964767,0.0,0.0
2016-05-29,0.0,0.0,0.0,0.0
2016-05-30,0.0031375520074853336,0.0031375520074853336,0.0,0.0
2016-05-31,-0.004207610196165824,-0.004207610196165824,0.0,0.0
2016-06-01,-0.0047127102908708475,-0.0047127102908708475,0.0,0.0
2016-06-01,0.0,-0.0004,0.2,20.0
2016-06-02,-0.0005545953101733226,-0.0005545953101733226,0.0,0.0
2016-06-03,0.010725172003926576,0.010725172003926576,0.0,0.0
2016-06-05,0.0,0.0,0.0,0.0
2016-06-06,0.0051801701951345825,0.0051801701951345825,0.0,0.0
2016-06-07,-0.0011044296203066577,-0.0011044296203066577,0.0,0.0
2016-06-08,0.0034023702395228556,0.0034023702395228556,0.0,0.0
2016-06-09,-0.01589428714944916,-0.01589428714944916,0.0,0.0
2016-06-10,-0.006100647515013447,-0.006100647515013447,0.0,0.0
2016-06-12,0.0,0.0,0.0,0.0
2016-06-13,-0.0048666267921105184,-0.0048666267921105184,0.0,0.0
2016-06-14,-0.008568061982206842,-0.008568061982206842,0.0,0.0
2016-06-15,0.004585549567940805,0.004585549567940805,0.0,0.0
2016-06-16,-0.018556599498890727,-0.018556599498890727,0.0,0.0
2016-06-17,0.002603343489121679,0.002603343489121679,0.0,0.0
2016-06-19,0.0,0.0,0.0,0.0
2016-06-20,0.012423989956093996,0.012423989956093996,0.0,0.0
2016-06-21,-0.0017289156217406676,-0.0017289156217406676,0.0,0.0
2016-06-22,-0.003674456212155808,-0.003674456212155808,0.0,0.0
2016-06-23,0.0011185233953981523,0.0011185233953981523,0.0,0.0
2016-06-24,-0.024790706698996714,-0.024790706698996714,0.0,0.0
2016-06-26,0.0,0.0,0.0,0.0
2016-06-27,-0.0017762451794472668,-0.0017762451794472668,0.0,0.0
2016-06-28,0.01728287754123337,0.01728287754123337,0.0,0.0
2016-06-29,0.005195082440724386,0.005195082440724386,0.0,0.0
2016-06-30,0.0004580319834494916,0.0004580319834494916,0.0,0.0
2016-07-01,0.015343267934324624,0.015343267934324624,0.0,0.0
2016-07-01,0.0,-0.0004,0.2,20.0
2016-07-03,0.0,0.0,0.0,0.0
2016-07-04,0.0021982382582964146,0.0021982382582964146,0.0,0.0
2016-07-05,0.0,0.0,0.0,0.0
2016-07-06,0.0,0.0,0.0,0.0
2016-07-07,0.0,0.0,0.0,0.0
2016-07-08,-0.002753282940640456,-0.002753282940640456,0.0,0.0
2016-07-10,0.0,0.0,0.0,0.0
2016-07-11,0.019223301741723313,0.019223301741723313,0.0,0.0
2016-07-12,0.007963013339402514,0.007963013339402514,0.0,0.0
2016-07-13,-0.0003557014000342691,-0.0003557014000342691,0.0,0.0
2016-07-14,0.014591720800708785,0.014591720800708785,0.0,0.0
2016-07-15,0.0019370370472135635,0.0019370370472135635,0.0,0.0
2016-07-17,0.0,0.0,0.0,0.0
2016-07-18,-0.04815865821981004,-0.04815865821981004,0.0,0.0
2016-07-19,0.003954401132830732,0.003954401132830732,0.0,0.0
2016-07-20,-0.008485865467188125,-0.008485865467188125,0.0,0.0
2016-07-21,-0.028817688882672332,-0.028817688882672332,0.0,0.0
2016-07-22,0.01119748454394286,0.01119748454394286,0.0,0.0
2016-07-24,0.0,0.0,0.0,0.0
2016-07-25,0.03409150012409539,0.03409150012409539,0.0,0.0
2016-07-26,0.00047806199263993325,0.00047806199263993325,0.0,0.0
2016-07-27,0.019769241794862568,0.019769241794862568,0.0,0.0
2016-07-28,-0.0045330931958604825,-0.0045330931958604825,0.0,0.0
2016-07-29,0.004709467954603352,0.004709467954603352,0.0,0.0
2016-07-31,0.0,0.0,0.0,0.0
2016-08-01,0.012596514610953615,0.012596514610953615,0.0,0.0
2016-08-01,0.0,-0.0007999999999999999,0.39999999999999997,20.0
2016-08-02,-0.012036831787233273,-0.012036831787233273,0.0,0.0
2016-08-03,-0.016492255946949908,-0.016492255946949908,0.0,0.0
2016-08-04,0.008939054810035884,0.008939054810035884,0.0,0.0
2016-08-05,-0.0018400088235312028,-0.0018400088235312028,0.0,0.0
2016-08-07,0.0,0.0,0.0,0.0
2016-08-08,0.010742969316189366,0.010742969316189366,0.0,0.0
2016-08-09,0.006846717262871916,0.006846717262871916,0.0,0.0
2016-08-10,-0.011801226513838437,-0.011801226513838437,0.0,0.0
2016-08-11,0.005486258849128312,0.005486258849128312,0.0,0.0
2016-08-12,-0.016041559680425043,-0.016041559680425043,0.0,0.0
2016-08-14,0.0,0.0,0.0,0.0
2016-08-15,0.004242168347858022,0.004242168347858022,0.0,0.0
2016-08-16,-0.007260687424689294,-0.007260687424689294,0.0,0.0
2016-08-17,0.006465487251211844,0.006465487251211844,0.0,0.0
2016-08-18,-0.0006855034669978276,-0.0006855034669978276,0.0,0.0
2016-08-19,0.007246257125015244,0.007246257125015244,0.0,0.0
2016-08-21,0.0,0.0,0.0,0.0
2016-08-22,-0.004297996166452411,-0.004297996166452411,0.0,0.0
2016-08-23,-0.00774258480850899,-0.00774258480850899,0.0,0.0
2016-08-24,-0.0062685338844544755,-0.0062685338844544755,0.0,0.0
2016-08-25,0.00792464785854713,0.00792464785854713,0.0,0.0
2016-08-26,0.001101890529386051,0.001101890529386051,0.0,0.0
2016-08-28,0.0,0.0,0.0,0.0
2016-08-29,-0.00617604659255453,-0.00617604659255453,0.0,0.0
2016-08-30,0.0,0.0,0.0,0.0
2016-08-31,-0.015485805674083053,-0.015485805674083053,0.0,0.0
2016-09-01,-0.0015248458981240276,-0.0015248458981240276,0.0,0.0
2016-09-01,0.0,-0.0007999999999999999,0.39999999999999997,20.0
2016-09-02,0.00991567724696766,0.00991567724696766,0.0,0.0
2016-09-04,0.0,0.0,0.0,0.0
2016-09-05,0.02278605545481971,0.02278605545481971,0.0,0.0
2016-09-06,-0.009742672457397274,-0.009742672457397274,0.0,0.0
2016-09-07,-0.007754660494816335,-0.007754660494816335,0.0,0.0
2016-09-08,-0.0033893995609937336,-0.0033893995609937336,0.0,0.0
2016-09-09,0.006471507341019735,0.006471507341019735,0.0,0.0
2016-09-11,0.0,0.0,0.0,0.0
2016-09-12,0.0,0.0,0.0,0.0
2016-09-13,0.0,0.0,0.0,0.0
2016-09-14,0.0,0.0,0.0,0.0
2016-09-15,0.0,0.0,0.0,0.0
2016-09-16,0.005053782705430976,0.005053782705430976,0.0,0.0
2016-09-18,0.0,0.0,0.0,0.0
2016-09-19,0.027807212079681756,0.027807212079681756,0.0,0.0
2016-09-20,0.007911544596988607,0.007911544596988607,0.0,0.0
2016-09-21,0.0016895602762988294,0.0016895602762988294,0.0,0.0
2016-09-22,0.00955298824573051,0.00955298824573051,0.0,0.0
2016-09-23,-0.0010324703544751786,-0.0010324703544751786,0.0,0.0
2016-09-25,0.0,0.0,0.0,0.0
2016-09-26,-0.017148532202852187,-0.017148532202852187,0.0,0.0
2016-09-27,-0.0013232945060129286,-0.0013232945060129286,0.0,0.0
2016-09-28,-0.00023608123152797352,-0.00023608123152797352,0.0,0.0
2016-09-29,-0.004081615105521163,-0.004081615105521163,0.0,0.0
2016-09-30,-0.004038996843440312,-0.004038996843440312,0.0,0.0
2016-10-02,0.0,0.0,0.0,0.0
2016-10-02,0.0,-0.0009999999999999998,0.49999999999999994,20.0
2016-10-03,0.0036512226041010565,0.0036512226041010565,0.0,0.0
2016-10-04,0.002796672712467474,0.002796672712467474,0.0,0.0
2016-10-05,0.006548938828031281,0.006548938828031281,0.0,0.0
2016-10-06,-0.003701579260083687,-0.003701579260083687,0.0,0.0
2016-10-07,0.00041116647235452954,0.00041116647235452954,0.0,0.0
2016-10-09,0.0,0.0,0.0,0.0
2016-10-10,0.014820008355725157,0.014820008355725157,0.0,0.0
2016-10-11,0.009871573052571414,0.009871573052571414,0.0,0.0
2016-10-12,-0.006586220078918048,-0.006586220078918048,0.0,0.0
2016-10-13,0.007393324870155638,0.007393324870155638,0.0,0.0
2016-10-14,0.007450644646111393,0.007450644646111393,0.0,0.0
2016-10-16,0.0,0.0,0.0,0.0
2016-10-17,0.00951389253773054,0.00951389253773054,0.0,0.0
2016-10-18,5.949003355737448e-05,5.949003355737448e-05,0.0,0.0
2016-10-19,-0.0011038113583256908,-0.0011038113583256908,0.0,0.0
2016-10-20,0.0011406513038821234,0.0011406513038821234,0.0,0.0
2016-10-21,-0.0029705307057553364,-0.0029705307057553364,0.0,0.0
2016-10-23,0.0,0.0,0.0,0.0
2016-10-24,0.007843134632341809,0.007843134632341809,0.0,0.0
2016-10-25,-0.000685887317011158,-0.000685887317011158,0.0,0.0
2016-10-26,-0.003409974849994324,-0.003409974849994324,0.0,0.0
2016-10-27,0.0006799472358591907,0.0006799472358591907,0.0,0.0
2016-10-28,-0.010685008868310442,-0.010685008868310442,0.0,0.0
2016-10-30,0.0,0.0,0.0,0.0
2016-10-31,0.0027580190210360297,0.0027580190210360297,0.0,0.0
2016-11-01,0.0,-0.0006,0.3,20.0
2016-11-01,-0.009275996109345486,-0.009275996109345486,0.0,0.0
2016-11-02,-0.0025539070476569225,-0.0025539070476569225,0.0,0.0
2016-11-03,-0.006114376250777843,-0.006114376250777843,0.0,0.0
2016-11-04,-0.026889941024740474,-0.026889941024740474,0.0,0.0
2016-11-06,0.0,0.0,0.0,0.0
2016-11-07,0.029879970094102436,0.029879970094102436,0.0,0.0
2016-11-08,0.005122369681013184,0.005122369681013184,0.0,0.0
2016-11-09,0.0031813416089543026,0.0031813416089543026,0.0,0.0
2016-11-10,0.0026122765619503675,0.0026122765619503675,0.0,0.0
2016-11-11,-0.003018352628354104,-0.003018352628354104,0.0,0.0
2016-11-13,0.0,0.0,0.0,0.0
2016-11-14,-0.006471546396901984,-0.006471546396901984,0.0,0.0
2016-11-15,-0.0020361849569811353,-0.0020361849569811353,0.0,0.0
2016-11-16,0.0021357938966549694,0.0021357938966549694,0.0,0.0
2016-11-17,0.015575655128087895,0.015575655128087895,0.0,0.0
2016-11-18,-0.0018838221603283628,-0.0018838221603283628,0.0,0.0
2016-11-20,0.0,0.0,0.0,0.0
2016-11-21,0.00034299525744888623,0.00034299525744888623,0.0,0.0
2016-11-22,0.008218835882149157,0.008218835882149157,0.0,0.0
2016-11-23,-0.010135724080401632,-0.010135724080401632,0.0,0.0
2016-11-24,-0.0013504772275607423,-0.0013504772275607423,0.0,0.0
2016-11-25,0.004482161335484636,0.004482161335484636,0.0,0.0
2016-11-27,0.0,0.0,0.0,0.0
2016-11-28,-0.0009521977700204024,-0.0009521977700204024,0.0,0.0
2016-11-29,-0.012025992551478272,-0.012025992551478272,0.0,0.0
2016-11-30,0.0022395389308495165,0.0022395389308495165,0.0,0.0
2016-12-01,-0.013796779788661243,-0.013796779788661243,0.0,0.0
2016-12-01,0.0,-0.0007999999999999999,0.39999999999999997,20.0
2016-12-02,0.0059726680916524005,0.0059726680916524005,0.0,0.0
2016-12-04,0.0,0.0,0.0,0.0
2016-12-05,0.003864684826372589,0.003864684826372589,0.0,0.0
2016-12-06,0.021950610189233156,0.021950610189233156,0.0,0.0
2016-12-07,-0.0001446281567794249,-0.0001446281567794249,0.0,0.0
2016-12-08,-0.0023535240427560054,-0.0023535240427560054,0.0,0.0
2016-12-09,-0.002959188751991149,-0.002959188751991149,0.0,0.0
2016-12-11,0.0,0.0,0.0,0.0
2016-12-12,0.0009921399307505244,0.0009921399307505244,0.0,0.0
2016-12-13,0.005030392981215615,0.005030392981215615,0.0,0.0
2016-12-14,-0.004364100178350771,-0.004364100178350771,0.0,0.0
2016-12-15,0.006717322067910914,0.006717322067910914,0.0,0.0
2016-12-16,0.013275068950160973,0.013275068950160973,0.0,0.0
2016-12-18,0.0,0.0,0.0,0.0
2016-12-19,0.0019589556068422944,0.0019589556068422944,0.0,0.0
2016-12-20,0.00016230802523291591,0.00016230802523291591,0.0,0.0
2016-12-21,0.00039417637859339154,0.00039417637859339154,0.0,0.0
2016-12-22,0.0044268327543746325,0.0044268327543746325,0.0,0.0
2016-12-23,0.015683339621672832,0.015683339621672832,0.0,0.0
2016-12-25,0.0,0.0,0.0,0.0
2016-12-26,0.00822110323821791,0.00822110323821791,0.0,0.0
2016-12-27,-0.017473865308743463,-0.017473865308743463,0.0,0.0
2016-12-28,0.015391278689735678,0.015391278689735678,0.0,0.0
2016-12-29,-0.0017373326465754953,-0.0017373326465754953,0.0,0.0
2016-12-30,0.007481082648344085,0.007481082648344085,0.0,0.0
2016-12-31,0.0,0.0,0.0,0.0
2016-12-31,0.0,-0.0020000000000000005,1.0000000000000002,20.0
2017-01-01,0.0,0.0,0.0,0.0
2017-01-01,0.0,-0.0020000000000000005,1.0000000000000002,20.0
2017-01-02,2.4616818756951e-05,2.4616818756951e-05,0.0,0.0
2017-01-03,-0.006952208939775927,-0.006952208939775927,0.0,0.0
2017-01-04,-0.015167028852754871,-0.015167028852754871,0.0,0.0
2017-01-05,0.006545835133212529,0.006545835133212529,0.0,0.0
2017-01-06,0.01318459649774537,0.01318459649774537,0.0,0.0
2017-01-08,0.0,0.0,0.0,0.0
2017-01-09,0.0058654224655148475,0.0058654224655148475,0.0,0.0
2017-01-10,0.008631643679867664,0.008631643679867664,0.0,0.0
2017-01-11,0.006850058730968922,0.006850058730968922,0.0,0.0
2017-01-12,0.017403897126727984,0.017403897126727984,0.0,0.0
2017-01-13,0.010958663790776724,0.010958663790776724,0.0,0.0
2017-01-15,0.0,0.0,0.0,0.0
2017-01-16,0.005194580878131383,0.005194580878131383,0.0,0.0
2017-01-17,0.0022469639969534437,0.0022469639969534437,0.0,0.0
2017-01-18,-0.0007401569170923054,-0.0007401569170923054,0.0,0.0
2017-01-19,0.0006688371034671127,0.0006688371034671127,0.0,0.0
2017-01-20,0.0033112409559691632,0.0033112409559691632,0.0,0.0
2017-01-22,0.0,0.0,0.0,0.0
2017-01-23,-0.000576866642632767,-0.000576866642632767,0.0,0.0
2017-01-24,0.013626505810352142,0.013626505810352142,0.0,0.0
2017-01-25,-0.00845956879508527,-0.00845956879508527,0.0,0.0
2017-01-26,0.00444763407217701,0.00444763407217701,0.0,0.0
2017-01-27,-0.002925551999255882,-0.002925551999255882,0.0,0.0
2017-01-29,0.0,0.0,0.0,0.0
2017-01-30,0.02141198078409417,0.02141198078409417,0.0,0.0
2017-01-31,-0.003557627982124878,-0.003557627982124878,0.0,0.0
2017-02-01,0.016405952031147787,0.016405952031147787,0.0,0.0
2017-02-01,0.0,-0.0004,0.2,20.0
2017-02-02,-0.0035285454644622296,-0.0035285454644622296,0.0,0.0
2017-02-03,0.006510131446099244,0.006510131446099244,0.0,0.0
2017-02-05,0.0,0.0,0.0,0.0
2017-02-06,-0.00598697249429272,-0.00598697249429272,0.0,0.0
2017-02-07,0.0058463254679976375,0.0058463254679976375,0.0,0.0
2017-02-08,0.003454449799230907,0.003454449799230907,0.0,0.0
2017-02-09,0.0034459574130921043,0.0034459574130921043,0.0,0.0
2017-02-10,-0.0025018014748046657,-0.0025018014748046657,0.0,0.0
2017-02-12,0.0,0.0,0.0,0.0
2017-02-13,0.014149949994743305,0.014149949994743305,0.0,0.0
2017-02-14,-0.0012775507297836722,-0.0012775507297836722,0.0,0.0
2017-02-15,-0.00312979047841997,-0.00312979047841997,0.0,0.0
2017-02-16,-0.0035830057080518786,-0.0035830057080518786,0.0,0.0
2017-02-17,0.007759172680274185,0.007759172680274185,0.0,0.0
2017-02-19,0.0,0.0,0.0,0.0
2017-02-20,-0.008466293227806265,-0.008466293227806265,0.0,0.0
2017-02-21,0.005390165876290444,0.005390165876290444,0.0,0.0
2017-02-22,-0.0027514391906036445,-0.0027514391906036445,0.0,0.0
2017-02-23,0.000959901423393604,0.000959901423393604,0.0,0.0
2017-02-24,-0.0065714851078954705,-0.0065714851078954705,0.0,0.0
2017-02-26,0.0,0.0,0.0,0.0
2017-02-27,-0.002491513011452662,-0.002491513011452662,0.0,0.0
2017-02-28,-0.0022168854171450538,-0.0022168854171450538,0.0,0.0
2017-03-01,0.007801620823023514,0.007801620823023514,0.0,0.0
2017-03-01,0.0,-0.0004,0.2,20.0
2017-03-02,-0.00028469701727511546,-0.00028469701727511546,0.0,0.0
2017-03-03,0.004588609510861141,0.004588609510861141,0.0,0.0
2017-03-05,0.0,0.0,0.0,0.0
2017-03-06,0.01125242990058788,0.01125242990058788,0.0,0.0
2017-03-07,-0.006628730858840481,-0.006628730858840481,0.0,0.0
2017-03-08,-0.011380538108788819,-0.011380538108788819,0.0,0.0
2017-03-09,0.0030729934477595755,0.0030729934477595755,0.0,0.0
2017-03-10,0.0014144564761382375,0.0014144564761382375,0.0,0.0
2017-03-12,0.0,0.0,0.0,0.0
2017-03-13,-0.0006954741681402532,-0.0006954741681402532,0.0,0.0
2017-03-14,-0.004261768734683346,-0.004261768734683346,0.0,0.0
2017-03-15,0.002365313389924584,0.002365313389924584,0.0,0.0
2017-03-16,0.011986620910914904,0.011986620910914904,0.0,0.0
2017-03-17,0.0033869283756987837,0.0033869283756987837,0.0,0.0
2017-03-19,0.0,0.0,0.0,0.0
2017-03-20,0.004743468424778375,0.004743468424778375,0.0,0.0
2017-03-21,-0.004554861137718847,-0.004554861137718847,0.0,0.0
2017-03-22,-0.009375997856005569,-0.009375997856005569,0.0,0.0
2017-03-23,-0.002831022619463686,-0.002831022619463686,0.0,0.0
2017-03-24,0.0037604465788157798,0.0037604465788157798,0.0,0.0
2017-03-26,0.0,0.0,0.0,0.0
2017-03-27,-0.002310765543610061,-0.002310765543610061,0.0,0.0
2017-03-28,0.009871227024757168,0.009871227024757168,0.0,0.0
2017-03-29,0.003978353135006985,0.003978353135006985,0.0,0.0
2017-03-30,0.008750850540885757,0.008750850540885757,0.0,0.0
2017-03-31,0.0038033742009425,0.0038033742009425,0.0,0.0
2017-04-02,0.0,0.0,0.0,0.0
2017-04-02,0.0,-0.0006,0.3,20.0
2017-04-03,-8.627904948896878e-05,-8.627904948896878e-05,0.0,0.0
2017-04-04,0.007204316112188014,0.007204316112188014,0.0,0.0
2017-04-05,0.014871115752458697,0.014871115752458697,0.0,0.0
2017-04-06,-0.001552072210278155,-0.001552072210278155,0.0,0.0
2017-04-07,0.0016225160561145206,0.0016225160561145206,0.0,0.0
2017-04-09,0.0,0.0,0.0,0.0
2017-04-10,0.014470741654350673,0.014470741654350673,0.0,0.0
2017-04-11,-0.0033952909278466056,-0.0033952909278466056,0.0,0.0
2017-04-12,-0.004431792026655212,-0.004431792026655212,0.0,0.0
2017-04-13,-0.00845833854144552,-0.00845833854144552,0.0,0.0
2017-04-14,0.0042007925074912245,0.0042007925074912245,0.0,0.0
2017-04-16,0.0,0.0,0.0,0.0
2017-04-17,0.013357449059038108,0.013357449059038108,0.0,0.0
2017-04-18,0.01049217671299676,0.01049217671299676,0.0,0.0
2017-04-19,-0.00776638434643423,-0.00776638434643423,0.0,0.0
2017-04-20,0.010747552622591272,0.010747552622591272,0.0,0.0
2017-04-21,-0.0007726993677936835,-0.0007726993677936835,0.0,0.0
2017-04-23,0.0,0.0,0.0,0.0
2017-04-24,0.011469090351670319,0.011469090351670319,0.0,0.0
2017-04-25,0.006367807668155402,0.006367807668155402,0.0,0.0
2017-04-26,0.0032890175246656503,0.0032890175246656503,0.0,0.0
2017-04-27,0.012393156400381466,0.012393156400381466,0.0,0.0
2017-04-28,-0.0007645006870382946,-0.0007645006870382946,0.0,0.0
2017-04-30,0.0,0.0,0.0,0.0
2017-05-01,0.0,0.0,0.0,0.0
2017-05-01,0.0,-0.0004,0.2,20.0
2017-05-02,0.0072840639279993956,0.0072840639279993956,0.0,0.0
2017-05-03,0.006146865868185469,0.006146865868185469,0.0,0.0
2017-05-04,0.0046801243479535305,0.0046801243479535305,0.0,0.0
2017-05-05,0.010358797890312833,0.010358797890312833,0.0,0.0
2017-05-07,0.0,0.0,0.0,0.0
2017-05-08,0.002765120440879798,0.002765120440879798,0.0,0.0
2017-05-09,0.014543009247192153,0.014543009247192153,0.0,0.0
2017-05-10,0.007069998044282879,0.007069998044282879,0.0,0.0
2017-05-11,-0.01301388394696985,-0.01301388394696985,0.0,0.0
2017-05-12,-0.002690403870719438,-0.002690403870719438,0.0,0.0
2017-05-14,0.0,0.0,0.0,0.0
2017-05-15,0.001818234411756836,0.001818234411756836,0.0,0.0
2017-05-16,0.009077229427701183,0.009077229427701183,0.0,0.0
2017-05-17,-0.000302816953371044,-0.000302816953371044,0.0,0.0
2017-05-18,-0.006551794713791803,-0.006551794713791803,0.0,0.0
2017-05-19,0.0,0.0,0.0,0.0
2017-05-21,0.0,0.0,0.0,0.0
2017-05-22,0.017573187959767412,0.017573187959767412,0.0,0.0
2017-05-23,0.0096871636709703,0.0096871636709703,0.0,0.0
2017-05-24,0.0005044584120067251,0.0005044584120067251,0.0,0.0
2017-05-25,0.006899666924287406,0.006899666924287406,0.0,0.0
2017-05-26,0.0011786732954091716,0.0011786732954091716,0.0,0.0
2017-05-28,0.0,0.0,0.0,0.0
2017-05-29,0.0033699288682129897,0.0033699288682129897,0.0,0.0
2017-05-30,-0.005317227788838508,-0.005317227788838508,0.0,0.0
2017-05-31,0.0028881982285715035,0.0028881982285715035,0.0,0.0
2017-06-01,-0.0009330684342401473,-0.0009330684342401473,0.0,0.0
2017-06-01,0.0,-0.0004,0.2,20.0
2017-06-02,0.007049604723416271,0.007049604723416271,0.0,0.0
2017-06-04,0.0,0.0,0.0,0.0
2017-06-05,-0.00506799055230962,-0.00506799055230962,0.0,0.0
2017-06-06,0.004166784801828483,0.004166784801828483,0.0,0.0
2017-06-07,0.00021297138952465207,0.00021297138952465207,0.0,0.0
2017-06-08,0.014025095982780456,0.014025095982780456,0.0,0.0
2017-06-09,0.008168770816733407,0.008168770816733407,0.0,0.0
2017-06-11,0.0,0.0,0.0,0.0
2017-06-12,0.006631564185114903,0.006631564185114903,0.0,0.0
2017-06-13,-0.002783830693758183,-0.002783830693758183,0.0,0.0
2017-06-14,0.011161149088663624,0.011161149088663624,0.0,0.0
2017-06-15,-0.002492088173987261,-0.002492088173987261,0.0,0.0
2017-06-16,-0.0015093291408832202,-0.0015093291408832202,0.0,0.0
2017-06-18,0.0,0.0,0.0,0.0
2017-06-19,0.0018916128248085752,0.0018916128248085752,0.0,0.0
2017-06-20,5.607535969232025e-06,5.607535969232025e-06,0.0,0.0
2017-06-21,0.0019694456616778265,0.0019694456616778265,0.0,0.0
2017-06-22,0.0015665672158041155,0.0015665672158041155,0.0,0.0
2017-06-23,0.0013672191095644992,0.0013672191095644992,0.0,0.0
2017-06-25,0.0,0.0,0.0,0.0
2017-06-26,0.0,0.0,0.0,0.0
2017-06-27,0.0,0.0,0.0,0.0
2017-06-28,0.004326352747979202,0.004326352747979202,0.0,0.0
2017-06-29,-0.0035552319316294436,-0.0035552319316294436,0.0,0.0
2017-06-30,0.008198863964729797,0.008198863964729797,0.0,0.0
2017-07-02,0.0,0.0,0.0,0.0
2017-07-02,0.0,-0.0007999999999999999,0.39999999999999997,20.0
2017-07-03,0.009975478462726162,0.009975478462726162,0.0,0.0
2017-07-04,0.01828948625793665,0.01828948625793665,0.0,0.0
2017-07-05,-0.009291013133904558,-0.009291013133904558,0.0,0.0
2017-07-06,0.005114281283850541,0.005114281283850541,0.0,0.0
2017-07-07,-0.008230491881774715,-0.008230491881774715,0.0,0.0
2017-07-09,0.0,0.0,0.0,0.0
2017-07-10,0.005605390472229045,0.005605390472229045,0.0,0.0
2017-07-11,0.03077850621191043,0.03077850621191043,0.0,0.0
2017-07-12,0.008059278133194715,0.008059278133194715,0.0,0.0
2017-07-13,0.018110998882647725,0.018110998882647725,0.0,0.0
2017-07-14,0.004124994995222997,0.004124994995222997,0.0,0.0
2017-07-16,0.0,0.0,0.0,0.0
2017-07-17,0.013084986367459917,0.013084986367459917,0.0,0.0
2017-07-18,-0.0018354557280680695,-0.0018354557280680695,0.0,0.0
2017-07-19,0.005518364005942655,0.005518364005942655,0.0,0.0
2017-07-20,0.006265361619856691,0.006265361619856691,0.0,0.0
2017-07-21,0.010768143196218272,0.010768143196218272,0.0,0.0
2017-07-23,0.0,0.0,0.0,0.0
2017-07-24,0.0011665533718160483,0.0011665533718160483,0.0,0.0
2017-07-25,-0.001483517946677559,-0.001483517946677559,0.0,0.0
2017-07-26,0.01802408599327332,0.01802408599327332,0.0,0.0
2017-07-27,0.027000973211029178,0.027000973211029178,0.0,0.0
2017-07-28,0.0030224301698099747,0.0030224301698099747,0.0,0.0
2017-07-30,0.0,0.0,0.0,0.0
2017-07-31,-0.003387950734827994,-0.003387950734827994,0.0,0.0
2017-08-01,-0.010346263056714513,-0.010346263056714513,0.0,0.0
2017-08-01,0.0,-0.0004,0.2,20.0
2017-08-02,0.027593046056773398,0.027593046056773398,0.0,0.0
2017-08-03,0.007746022187704805,0.007746022187704805,0.0,0.0
2017-08-04,0.016862418540988633,0.016862418540988633,0.0,0.0
2017-08-06,0.0,0.0,0.0,0.0
2017-08-07,0.021687255851067566,0.021687255851067566,0.0,0.0
2017-08-08,-0.0006857051515568482,-0.0006857051515568482,0.0,0.0
2017-08-09,0.0073444238058063,0.0073444238058063,0.0,0.0
2017-08-10,-0.0015415011370580659,-0.0015415011370580659,0.0,0.0
2017-08-11,0.001115826315140156,0.001115826315140156,0.0,0.0
2017-08-13,0.0,0.0,0.0,0.0
2017-08-14,0.030419461463310215,0.030419461463310215,0.0,0.0
2017-08-15,-0.05661466335669321,-0.05661466335669321,0.0,0.0
2017-08-16,-0.002918596378060712,-0.002918596378060712,0.0,0.0
2017-08-17,-0.012071462022708845,-0.012071462022708845,0.0,0.0
2017-08-18,-0.0037279270668939676,-0.0037279270668939676,0.0,0.0
2017-08-20,0.0,0.0,0.0,0.0
2017-08-21,0.00599984857867828,0.00599984857867828,0.0,0.0
2017-08-22,0.03234677064970856,0.03234677064970856,0.0,0.0
2017-08-23,0.005675940928249812,0.005675940928249812,0.0,0.0
2017-08-24,-0.002356325912521151,-0.002356325912521151,0.0,0.0
2017-08-25,0.009285308943134963,0.009285308943134963,0.0,0.0
2017-08-27,0.0,0.0,0.0,0.0
2017-08-28,0.0007580166104315001,0.0007580166104315001,0.0,0.0
2017-08-29,-0.00016047640967699068,-0.00016047640967699068,0.0,0.0
2017-08-30,0.0,0.0,0.0,0.0
2017-08-31,-0.003914082666170516,-0.003914082666170516,0.0,0.0
2017-09-01,0.0,0.0,0.0,0.0
2017-09-01,0.0,-0.0006,0.3,20.0
2017-09-03,0.0,0.0,0.0,0.0
2017-09-04,0.0,0.0,0.0,0.0
2017-09-05,0.0034694337332886738,0.0034694337332886738,0.0,0.0
2017-09-06,0.01581368742681445,0.01581368742681445,0.0,0.0
2017-09-07,0.007153494467741639,0.007153494467741639,0.0,0.0
2017-09-08,-0.004818839806435394,-0.004818839806435394,0.0,0.0
2017-09-10,0.0,0.0,0.0,0.0
2017-09-11,0.004269914336260861,0.004269914336260861,0.0,0.0
2017-09-12,-0.006058984513202115,-0.006058984513202115,0.0,0.0
2017-09-13,-0.0074973845481802305,-0.0074973845481802305,0.0,0.0
2017-09-14,0.008599540957463849,0.008599540957463849,0.0,0.0
2017-09-15,-0.0015467152940338853,-0.0015467152940338853,0.0,0.0
2017-09-17,0.0,0.0,0.0,0.0
2017-09-18,-0.007651940965869086,-0.007651940965869086,0.0,0.0
2017-09-19,-0.009555448168308413,-0.009555448168308413,0.0,0.0
2017-09-20,0.005763439122601011,0.005763439122601011,0.0,0.0
2017-09-21,-0.010684130179457296,-0.010684130179457296,0.0,0.0
2017-09-22,-0.009713650980617574,-0.009713650980617574,0.0,0.0
2017-09-24,0.0,0.0,0.0,0.0
2017-09-25,-0.006140278581310421,-0.006140278581310421,0.0,0.0
2017-09-26,0.010920640796812842,0.010920640796812842,0.0,0.0
2017-09-27,-0.021940602286730206,-0.021940602286730206,0.0,0.0
2017-09-28,0.01492791739740609,0.01492791739740609,0.0,0.0
2017-09-29,0.01660983088339465,0.01660983088339465,0.0,0.0
2017-09-30,0.0,0.0,0.0,0.0
2017-09-30,0.0,-0.0020000000000000005,1.0000000000000002,20.0
2017-10-01,0.0,0.0,0.0,0.0
2017-10-01,0.0,-0.0020000000000000005,1.0000000000000002,20.0
2017-10-02,0.020699880321585915,0.020699880321585915,0.0,0.0
2017-10-03,0.0059219605317739395,0.0059219605317739395,0.0,0.0
2017-10-04,0.0028904922594265694,0.0028904922594265694,0.0,0.0
2017-10-05,0.003644963179756245,0.003644963179756245,0.0,0.0
2017-10-06,-0.006337450300552118,-0.006337450300552118,0.0,0.0
2017-10-08,0.0,0.0,0.0,0.0
2017-10-09,-0.0266807587881879,-0.0266807587881879,0.0,0.0
2017-10-10,0.020725459073952734,0.020725459073952734,0.0,0.0
2017-10-11,0.0004108317859289336,0.0004108317859289336,0.0,0.0
2017-10-12,0.01084434437952533,0.01084434437952533,0.0,0.0
2017-10-13,-0.0030338052404100375,-0.0030338052404100375,0.0,0.0
2017-10-15,0.0,0.0,0.0,0.0
2017-10-16,-0.006748040075019234,-0.006748040075019234,0.0,0.0
2017-10-17,0.01778663207167206,0.01778663207167206,0.0,0.0
2017-10-18,-0.0049689709256719,-0.0049689709256719,0.0,0.0
2017-10-19,0.00667817512058817,0.00667817512058817,0.0,0.0
2017-10-20,-0.001213798253118015,-0.001213798253118015,0.0,0.0
2017-10-22,0.0,0.0,0.0,0.0
2017-10-23,0.001765592428160467,0.001765592428160467,0.0,0.0
2017-10-24,-0.005207830407380665,-0.005207830407380665,0.0,0.0
2017-10-25,0.006744411248512739,0.006744411248512739,0.0,0.0
2017-10-26,0.0002971175259589348,0.0002971175259589348,0.0,0.0
2017-10-27,-0.0036412323283875232,-0.0036412323283875232,0.0,0.0
2017-10-29,0.0,0.0,0.0,0.0
2017-10-30,0.012512777952435283,0.012512777952435283,0.0,0.0
2017-10-31,-0.0016204364592707137,-0.0016204364592707137,0.0,0.0
2017-11-01,0.006225823097248173,0.006225823097248173,0.0,0.0
2017-11-01,0.0,-0.0007999999999999999,0.39999999999999997,20.0
2017-11-02,-0.004604550366470107,-0.004604550366470107,0.0,0.0
2017-11-03,-0.0036303513071349936,-0.0036303513071349936,0.0,0.0
2017-11-05,0.0,0.0,0.0,0.0
2017-11-06,0.02496349935820999,0.02496349935820999,0.0,0.0
2017-11-07,-0.0055512816128628125,-0.0055512816128628125,0.0,0.0
2017-11-08,-0.0035494470108548997,-0.0035494470108548997,0.0,0.0
2017-11-09,-0.018551079986503724,-0.018551079986503724,0.0,0.0
2017-11-10,-0.009895305567577783,-0.009895305567577783,0.0,0.0
2017-11-12,0.0,0.0,0.0,0.0
2017-11-13,-0.0026945511812333407,-0.0026945511812333407,0.0,0.0
2017-11-14,0.00478498140852488,0.00478498140852488,0.0,0.0
2017-11-15,-0.017025207136091725,-0.017025207136091725,0.0,0.0
2017-11-16,-0.0069173049210811575,-0.0069173049210811575,0.0,0.0
2017-11-17,-0.010882035155151449,-0.010882035155151449,0.0,0.0
2017-11-19,0.0,0.0,0.0,0.0
2017-11-20,-0.011980810295067392,-0.011980810295067392,0.0,0.0
2017-11-21,0.016175748467317886,0.016175748467317886,0.0,0.0
2017-11-22,0.0011026427560684397,0.0011026427560684397,0.0,0.0
2017-11-23,0.004021273950358806,0.004021273950358806,0.0,0.0
2017-11-24,0.003131593370538933,0.003131593370538933,0.0,0.0
2017-11-26,0.0,0.0,0.0,0.0
2017-11-27,0.003645985518681127,0.003645985518681127,0.0,0.0
2017-11-28,-0.027572454452827935,-0.027572454452827935,0.0,0.0
2017-11-29,0.006477977469625584,0.006477977469625584,0.0,0.0
2017-11-30,0.020570795732283473,0.020570795732283473,0.0,0.0
2017-12-01,-0.004062201405334354,-0.004062201405334354,0.0,0.0
2017-12-01,0.0,-0.0002,0.1,20.0
2017-12-03,0.0,0.0,0.0,0.0
2017-12-04,0.0221073108182975,0.0221073108182975,0.0,0.0
2017-12-05,0.004538333305788101,0.004538333305788101,0.0,0.0
2017-12-06,-0.00016259872579993308,-0.00016259872579993308,0.0,0.0
2017-12-07,0.007882229628091831,0.007882229628091831,0.0,0.0
2017-12-08,0.007444435927878812,0.007444435927878812,0.0,0.0
2017-12-10,0.0,0.0,0.0,0.0
2017-12-11,0.008947373439675499,0.008947373439675499,0.0,0.0
2017-12-12,-0.005505166226618919,-0.005505166226618919,0.0,0.0
2017-12-13,0.011324573158045304,0.011324573158045304,0.0,0.0
2017-12-14,0.007942658382643764,0.007942658382643764,0.0,0.0
2017-12-15,0.003258989573728466,0.003258989573728466,0.0,0.0
2017-12-17,0.0,0.0,0.0,0.0
2017-12-18,0.00786933662714592,0.00786933662714592,0.0,0.0
2017-12-19,-0.004533534696878828,-0.004533534696878828,0.0,0.0
2017-12-20,0.0011828595209258386,0.0011828595209258386,0.0,0.0
2017-12-21,0.0006650668193359252,0.0006650668193359252,0.0,0.0
2017-12-22,0.0009833823627934057,0.0009833823627934057,0.0,0.0
2017-12-24,0.0,0.0,0.0,0.0
2017-12-25,0.006004099169927312,0.006004099169927312,0.0,0.0
2017-12-26,0.004827297556434284,0.004827297556434284,0.0,0.0
2017-12-27,-0.0014468791427586837,-0.0014468791427586837,0.0,0.0
2017-12-28,0.011954100239759548,0.011954100239759548,0.0,0.0
2017-12-29,0.005964132852594483,0.005964132852594483,0.0,0.0
2017-12-31,0.0,0.0,0.0,0.0
2018-01-01,0.0,0.0,0.0,0.0
2018-01-01,0.0,-0.0006,0.3,20.0
2018-01-02,0.015556774851567791,0.015556774851567791,0.0,0.0
2018-01-03,-0.012477770634525542,-0.012477770634525542,0.0,0.0
2018-01-04,0.005381812199625936,0.005381812199625936,0.0,0.0
2018-01-05,0.013291858197757134,0.013291858197757134,0.0,0.0
2018-01-07,0.0,0.0,0.0,0.0
2018-01-08,0.0006211995721762009,0.0006211995721762009,0.0,0.0
2018-01-09,-0.00941741739659534,-0.00941741739659534,0.0,0.0
2018-01-10,-0.010949670414558556,-0.010949670414558556,0.0,0.0
2018-01-11,0.010007635869010389,0.010007635869010389,0.0,0.0
2018-01-12,0.013233656627314672,0.013233656627314672,0.0,0.0
2018-01-14,0.0,0.0,0.0,0.0
2018-01-15,-0.025568951313754494,-0.025568951313754494,0.0,0.0
2018-01-16,0.012335897632532879,0.012335897632532879,0.0,0.0
2018-01-17,0.009827120695790559,0.009827120695790559,0.0,0.0
2018-01-18,0.0027294017462593523,0.0027294017462593523,0.0,0.0
2018-01-19,-0.013951703068572827,-0.013951703068572827,0.0,0.0
2018-01-21,0.0,0.0,0.0,0.0
2018-01-22,0.013908808667570018,0.013908808667570018,0.0,0.0
2018-01-23,0.006762302734560455,0.006762302734560455,0.0,0.0
2018-01-24,-0.001213273470608212,-0.001213273470608212,0.0,0.0
2018-01-25,-0.007022936842088712,-0.007022936842088712,0.0,0.0
2018-01-26,0.009457532364960388,0.009457532364960388,0.0,0.0
2018-01-28,0.0,0.0,0.0,0.0
2018-01-29,0.00527680240831554,0.00527680240831554,0.0,0.0
2018-01-30,-0.006766979453473466,-0.006766979453473466,0.0,0.0
2018-01-31,-0.0059584007088332005,-0.0059584007088332005,0.0,0.0
2018-02-01,0.003983453113609004,0.003983453113609004,0.0,0.0
2018-02-01,0.0,-0.0007999999999999999,0.39999999999999997,20.0
2018-02-02,-0.007824221279850352,-0.007824221279850352,0.0,0.0
2018-02-04,0.0,0.0,0.0,0.0
2018-02-05,-0.018439564467789472,-0.018439564467789472,0.0,0.0
2018-02-06,-0.005704418169412929,-0.005704418169412929,0.0,0.0
2018-02-07,-0.0013534165214164286,-0.0013534165214164286,0.0,0.0
2018-02-08,-0.003862322412770614,-0.003862322412770614,0.0,0.0
2018-02-09,-0.006985786462983035,-0.006985786462983035,0.0,0.0
2018-02-11,0.0,0.0,0.0,0.0
2018-02-12,0.012788883875925429,0.012788883875925429,0.0,0.0
2018-02-13,-0.006034853050827228,-0.006034853050827228,0.0,0.0
2018-02-14,-0.0015846820211177005,-0.0015846820211177005,0.0,0.0
2018-02-15,0.020718030346043845,0.020718030346043845,0.0,0.0
2018-02-16,0.010433107484964276,0.010433107484964276,0.0,0.0
2018-02-18,0.0,0.0,0.0,0.0
2018-02-19,0.005000094103436337,0.005000094103436337,0.0,0.0
2018-02-20,-0.02193995336171141,-0.02193995336171141,0.0,0.0
2018-02-21,0.027119094614429674,0.027119094614429674,0.0,0.0
2018-02-22,0.008796442111345715,0.008796442111345715,0.0,0.0
2018-02-23,0.005142318323564188,0.005142318323564188,0.0,0.0
2018-02-25,0.0,0.0,0.0,0.0
2018-02-26,0.008569057387379064,0.008569057387379064,0.0,0.0
2018-02-27,-0.0015598313508684574,-0.0015598313508684574,0.0,0.0
2018-02-28,0.005727231077983819,0.005727231077983819,0.0,0.0
2018-03-01,-0.012492107057684498,-0.012492107057684498,0.0,0.0
2018-03-01,0.0,-0.0007999999999999999,0.39999999999999997,20.0
2018-03-02,-0.007684385592255161,-0.007684385592255161,0.0,0.0
2018-03-04,0.0,0.0,0.0,0.0
2018-03-05,-0.002890272012017148,-0.002890272012017148,0.0,0.0
2018-03-06,-0.0036983753858214844,-0.0036983753858214844,0.0,0.0
2018-03-07,0.00018339509056084554,0.00018339509056084554,0.0,0.0
2018-03-08,-0.0018658262734868704,-0.0018658262734868704,0.0,0.0
2018-03-09,0.0032297519923097048,0.0032297519923097048,0.0,0.0
2018-03-11,0.0,0.0,0.0,0.0
2018-03-12,0.007597492171549758,0.007597492171549758,0.0,0.0
2018-03-13,0.0015368706612201243,0.0015368706612201243,0.0,0.0
2018-03-14,-0.0016096864372061926,-0.0016096864372061926,0.0,0.0
2018-03-15,0.0012280547335750463,0.0012280547335750463,0.0,0.0
2018-03-16,0.00021255235182500182,0.00021255235182500182,0.0,0.0
2018-03-18,0.0,0.0,0.0,0.0
2018-03-19,-0.00230317524052367,-0.00230317524052367,0.0,0.0
2018-03-20,0.004046766195946605,0.004046766195946605,0.0,0.0
2018-03-21,0.00869456144370676,0.00869456144370676,0.0,0.0
2018-03-22,0.00047795910651522505,0.00047795910651522505,0.0,0.0
2018-03-23,-7.577559868868818e-05,-7.577559868868818e-05,0.0,0.0
2018-03-25,0.0,0.0,0.0,0.0
2018-03-26,0.0036242978802571548,0.0036242978802571548,0.0,0.0
2018-03-27,0.005045020521499167,0.005045020521499167,0.0,0.0
2018-03-28,-0.020338597710054487,-0.020338597710054487,0.0,0.0
2018-03-29,0.008476188407406937,0.008476188407406937,0.0,0.0
2018-03-30,0.001566211364217607,0.001566211364217607,0.0,0.0
2018-03-31,0.0,0.0,0.0,0.0
2018-03-31,0.0,-0.0020000000000000005,1.0000000000000002,20.0
2018-04-01,0.0,0.0,0.0,0.0
2018-04-01,0.0,-0.0020000000000000005,1.0000000000000002,20.0
2018-04-02,-0.00015057350707385815,-0.00015057350707385815,0.0,0.0
2018-04-03,0.008855552557232083,0.008855552557232083,0.0,0.0
2018-04-04,-0.00012089831488641982,-0.00012089831488641982,0.0,0.0
2018-04-05,0.008904643514031063,0.008904643514031063,0.0,0.0
2018-04-06,0.016069215425128548,0.016069215425128548,0.0,0.0
2018-04-08,0.0,0.0,0.0,0.0
2018-04-09,-0.024644973576110087,-0.024644973576110087,0.0,0.0
2018-04-10,-0.014783614914299349,-0.014783614914299349,0.0,0.0
2018-04-11,-0.0027379331302307634,-0.0027379331302307634,0.0,0.0
2018-04-12,0.013702771084974641,0.013702771084974641,0.0,0.0
2018-04-13,0.008243344893740123,0.008243344893740123,0.0,0.0
2018-04-15,0.0,0.0,0.0,0.0
2018-04-16,0.011024241486990173,0.011024241486990173,0.0,0.0
2018-04-17,-0.014429820608421564,-0.014429820608421564,0.0,0.0
2018-04-18,0.02998576067127044,0.02998576067127044,0.0,0.0
2018-04-19,0.010866588489057473,0.010866588489057473,0.0,0.0
2018-04-20,-0.0077805834730042,-0.0077805834730042,0.0,0.0
2018-04-22,0.0,0.0,0.0,0.0
2018-04-23,0.0,0.0,0.0,0.0
2018-04-24,-0.001678321741867817,-0.001678321741867817,0.0,0.0
2018-04-25,-0.018442538541355826,-0.018442538541355826,0.0,0.0
2018-04-26,0.002196360053469071,0.002196360053469071,0.0,0.0
2018-04-27,0.0005327588656807601,0.0005327588656807601,0.0,0.0
2018-04-29,0.0,0.0,0.0,0.0
2018-04-30,-0.039961394594026936,-0.039961394594026936,0.0,0.0
2018-05-01,0.0,-0.0002,0.1,20.0
2018-05-01,0.0,0.0,0.0,0.0
2018-05-02,0.0031189422932226497,0.0031189422932226497,0.0,0.0
2018-05-03,-0.01737629035800563,-0.01737629035800563,0.0,0.0
2018-05-04,-0.018565364837574327,-0.018565364837574327,0.0,0.0
2018-05-06,0.0,0.0,0.0,0.0
2018-05-07,-0.019657877703395388,-0.019657877703395388,0.0,0.0
2018-05-08,-0.01803304702957407,-0.01803304702957407,0.0,0.0
2018-05-09,0.00951423934085406,0.00951423934085406,0.0,0.0
2018-05-10,0.02083340304791098,0.02083340304791098,0.0,0.0
2018-05-11,0.0009267596556192359,0.0009267596556192359,0.0,0.0
2018-05-13,0.0,0.0,0.0,0.0
2018-05-14,0.026558096276681622,0.026558096276681622,0.0,0.0
2018-05-15,-0.0036291002222885727,-0.0036291002222885727,0.0,0.0
2018-05-16,0.005828391131869426,0.005828391131869426,0.0,0.0
2018-05-17,0.0041839211517712424,0.0041839211517712424,0.0,0.0
2018-05-18,-0.002424597646299964,-0.002424597646299964,0.0,0.0
2018-05-20,0.0,0.0,0.0,0.0
2018-05-21,0.0044037901888279605,0.0044037901888279605,0.0,0.0
2018-05-22,0.005457807166662555,0.005457807166662555,0.0,0.0
2018-05-23,-0.015437662259387242,-0.015437662259387242,0.0,0.0
2018-05-24,-0.005436473834190181,-0.005436473834190181,0.0,0.0
2018-05-25,0.012206838761952065,0.012206838761952065,0.0,0.0
2018-05-27,0.0,0.0,0.0,0.0
2018-05-28,0.030392261616124096,0.030392261616124096,0.0,0.0
2018-05-29,-0.002843086938010664,-0.002843086938010664,0.0,0.0
2018-05-30,-0.005163797877498944,-0.005163797877498944,0.0,0.0
2018-05-31,-0.014411518953902825,-0.014411518953902825,0.0,0.0
2018-06-01,-0.004071763712443877,-0.004071763712443877,0.0,0.0
2018-06-01,0.0,-0.0006,0.3,20.0
2018-06-03,0.0,0.0,0.0,0.0
2018-06-04,0.012580938629857909,0.012580938629857909,0.0,0.0
2018-06-05,-0.005157443626946111,-0.005157443626946111,0.0,0.0
2018-06-06,-0.013907412239342276,-0.013907412239342276,0.0,0.0
2018-06-07,0.02260169036035459,0.02260169036035459,0.0,0.0
2018-06-08,-0.03537498121851185,-0.03537498121851185,0.0,0.0
2018-06-10,0.0,0.0,0.0,0.0
2018-06-11,0.0002046069444021848,0.0002046069444021848,0.0,0.0
2018-06-12,-0.021176533456706705,-0.021176533456706705,0.0,0.0
2018-06-13,-0.02701175885827072,-0.02701175885827072,0.0,0.0
2018-06-14,0.019515885621768692,0.019515885621768692,0.0,0.0
2018-06-15,0.0,0.0,0.0,0.0
2018-06-17,0.0,0.0,0.0,0.0
2018-06-18,-0.032311604064653054,-0.032311604064653054,0.0,0.0
2018-06-19,0.013889887295864057,0.013889887295864057,0.0,0.0
2018-06-20,-0.015235410704517493,-0.015235410704517493,0.0,0.0
2018-06-21,0.0016432576641710944,0.0016432576641710944,0.0,0.0
2018-06-22,0.003409635784333032,0.003409635784333032,0.0,0.0
2018-06-24,0.0,0.0,0.0,0.0
2018-06-25,-0.015950805995924855,-0.015950805995924855,0.0,0.0
2018-06-26,0.010291410957841932,0.010291410957841932,0.0,0.0
2018-06-27,0.001274048016361406,0.001274048016361406,0.0,0.0
2018-06-28,0.014072825275203194,0.014072825275203194,0.0,0.0
2018-06-29,-0.008726021048867705,-0.008726021048867705,0.0,0.0
2018-06-30,0.0,0.0,0.0,0.0
2018-06-30,0.0,-0.0020000000000000005,1.0000000000000002,20.0
2018-07-01,0.0,0.0,0.0,0.0
2018-07-01,0.0,-0.0020000000000000005,1.0000000000000002,20.0
2018-07-02,-0.003984188234061025,-0.003984188234061025,0.0,0.0
2018-07-03,-0.0023486551730364743,-0.0023486551730364743,0.0,0.0
2018-07-04,-0.0020698135946972673,-0.0020698135946972673,0.0,0.0
2018-07-05,0.01923261711831865,0.01923261711831865,0.0,0.0
2018-07-06,-0.004426864881856441,-0.004426864881856441,0.0,0.0
2018-07-08,0.0,0.0,0.0,0.0
2018-07-09,9.062565925834756e-05,9.062565925834756e-05,0.0,0.0
2018-07-10,-0.009128163972368066,-0.009128163972368066,0.0,0.0
2018-07-11,-0.034727263588320983,-0.034727263588320983,0.0,0.0
2018-07-12,-0.0212259524998178,-0.0212259524998178,0.0,0.0
2018-07-13,-0.009166617226021778,-0.009166617226021778,0.0,0.0
2018-07-15,0.0,0.0,0.0,0.0
2018-07-16,-0.008493902490397765,-0.008493902490397765,0.0,0.0
2018-07-17,0.02496421925458674,0.02496421925458674,0.0,0.0
2018-07-18,0.009806979024486396,0.009806979024486396,0.0,0.0
2018-07-19,0.03255180929638814,0.03255180929638814,0.0,0.0
2018-07-20,0.005458214489971525,0.005458214489971525,0.0,0.0
2018-07-22,0.0,0.0,0.0,0.0
2018-07-23,0.009820436995605097,0.009820436995605097,0.0,0.0
2018-07-24,-0.011815309807953167,-0.011815309807953167,0.0,0.0
2018-07-25,0.014876459732610016,0.014876459732610016,0.0,0.0
2018-07-26,-0.002761467473677937,-0.002761467473677937,0.0,0.0
2018-07-27,0.004388886765529542,0.004388886765529542,0.0,0.0
2018-07-29,0.0,0.0,0.0,0.0
2018-07-30,-0.006441727994839796,-0.006441727994839796,0.0,0.0
2018-07-31,0.01065519441985815,0.01065519441985815,0.0,0.0
2018-08-01,0.00966511495521145,0.00966511495521145,0.0,0.0
2018-08-01,0.0,-0.0004,0.2,20.0
2018-08-02,-0.02516739892761695,-0.02516739892761695,0.0,0.0
2018-08-03,0.011719001194904422,0.011719001194904422,0.0,0.0
2018-08-05,0.0,0.0,0.0,0.0
2018-08-06,-0.009222296949680154,-0.009222296949680154,0.0,0.0
2018-08-07,0.003708525942173103,0.003708525942173103,0.0,0.0
2018-08-08,0.005171827035005216,0.005171827035005216,0.0,0.0
2018-08-09,-7.192992936699838e-05,-7.192992936699838e-05,0.0,0.0
2018-08-10,-0.024279694016483756,-0.024279694016483756,0.0,0.0
2018-08-12,0.0,0.0,0.0,0.0
2018-08-13,-0.018274942732291258,-0.018274942732291258,0.0,0.0
2018-08-14,0.03053185088479419,0.03053185088479419,0.0,0.0
2018-08-15,-0.031800895395876376,-0.031800895395876376,0.0,0.0
2018-08-16,-0.022614006462927695,-0.022614006462927695,0.0,0.0
2018-08-17,0.010919978634643814,0.010919978634643814,0.0,0.0
2018-08-19,0.0,0.0,0.0,0.0
2018-08-20,0.011502826878094088,0.011502826878094088,0.0,0.0
2018-08-21,0.0,0.0,0.0,0.0
2018-08-22,0.0,0.0,0.0,0.0
2018-08-23,0.0,0.0,0.0,0.0
2018-08-24,0.0,0.0,0.0,0.0
2018-08-26,0.0,0.0,0.0,0.0
2018-08-27,0.036954873918209875,0.036954873918209875,0.0,0.0
2018-08-28,0.019986454863323868,0.019986454863323868,0.0,0.0
2018-08-29,-0.0013567548015894007,-0.0013567548015894007,0.0,0.0
2018-08-30,0.0,0.0,0.0,0.0
2018-08-31,-0.0017442757987430335,-0.0017442757987430335,0.0,0.0
2018-09-02,0.0,0.0,0.0,0.0
2018-09-02,0.0,-0.0004,0.2,20.0
2018-09-03,0.011743190139948602,0.011743190139948602,0.0,0.0
2018-09-04,-0.009389968389831607,-0.009389968389831607,0.0,0.0
2018-09-05,0.008478468500502677,0.008478468500502677,0.0,0.0
2018-09-06,0.005430344619392047,0.005430344619392047,0.0,0.0
2018-09-07,-0.004770024307184239,-0.004770024307184239,0.0,0.0
2018-09-09,0.0,0.0,0.0,0.0
2018-09-10,-0.023652958789712776,-0.023652958789712776,0.0,0.0
2018-09-11,0.005297373969502818,0.005297373969502818,0.0,0.0
2018-09-12,0.01009261826772785,0.01009261826772785,0.0,0.0
2018-09-13,0.013674014554926017,0.013674014554926017,0.0,0.0
2018-09-14,-0.0036816074098876,-0.0036816074098876,0.0,0.0
2018-09-16,0.0,0.0,0.0,0.0
2018-09-17,-0.0012151744956316653,-0.0012151744956316653,0.0,0.0
2018-09-18,-0.0023572357175235203,-0.0023572357175235203,0.0,0.0
2018-09-19,0.016600525359833907,0.016600525359833907,0.0,0.0
2018-09-20,0.007438631473775726,0.007438631473775726,0.0,0.0
2018-09-21,0.006533012232750469,0.006533012232750469,0.0,0.0
2018-09-23,0.0,0.0,0.0,0.0
2018-09-24,0.013090711834849745,0.013090711834849745,0.0,0.0
2018-09-25,-0.0009191499601094776,-0.0009191499601094776,0.0,0.0
2018-09-26,-0.0007391613858222402,-0.0007391613858222402,0.0,0.0
2018-09-27,-0.018149791100395274,-0.018149791100395274,0.0,0.0
2018-09-28,-0.0021516624072865248,-0.0021516624072865248,0.0,0.0
2018-09-30,0.0,0.0,0.0,0.0
2018-10-01,0.0,-0.0004,0.2,20.0
2018-10-01,0.006843328685630522,0.006843328685630522,0.0,0.0
2018-10-02,-0.004342277354208102,-0.004342277354208102,0.0,0.0
2018-10-03,-0.004105957766276192,-0.004105957766276192,0.0,0.0
2018-10-04,-0.01828512065160083,-0.01828512065160083,0.0,0.0
2018-10-05,0.009280633751865976,0.009280633751865976,0.0,0.0
2018-10-07,0.0,0.0,0.0,0.0
2018-10-08,0.0029186471484167757,0.0029186471484167757,0.0,0.0
2018-10-09,0.005518710791042991,0.005518710791042991,0.0,0.0
2018-10-10,-0.01880100769408385,-0.01880100769408385,0.0,0.0
2018-10-11,0.0003704229787301343,0.0003704229787301343,0.0,0.0
2018-10-12,0.016193308490428205,0.016193308490428205,0.0,0.0
2018-10-14,0.0,0.0,0.0,0.0
2018-10-15,0.007114627937665919,0.007114627937665919,0.0,0.0
2018-10-16,-0.002361121889695006,-0.002361121889695006,0.0,0.0
2018-10-17,-0.017998667758160992,-0.017998667758160992,0.0,0.0
2018-10-18,-0.009661072298210149,-0.009661072298210149,0.0,0.0
2018-10-19,-0.01067203857582678,-0.01067203857582678,0.0,0.0
2018-10-21,0.0,0.0,0.0,0.0
2018-10-22,-0.009567140005046238,-0.009567140005046238,0.0,0.0
2018-10-23,-0.007697360326775482,-0.007697360326775482,0.0,0.0
2018-10-24,-0.010689629938944227,-0.010689629938944227,0.0,0.0
2018-10-25,0.008347800883653589,0.008347800883653589,0.0,0.0
2018-10-26,-0.027602797341125196,-0.027602797341125196,0.0,0.0
2018-10-28,0.0,0.0,0.0,0.0
2018-10-29,0.0,0.0,0.0,0.0
2018-10-30,-0.00943797116616425,-0.00943797116616425,0.0,0.0
2018-10-31,0.0010822509416443713,0.0010822509416443713,0.0,0.0
2018-11-01,0.019271203302843563,0.019271203302843563,0.0,0.0
2018-11-01,0.0,-0.0002,0.1,20.0
2018-11-02,0.005341768841700134,0.005341768841700134,0.0,0.0
2018-11-04,0.0,0.0,0.0,0.0
2018-11-05,0.02303151406088616,0.02303151406088616,0.0,0.0
2018-11-06,-0.01327372738194147,-0.01327372738194147,0.0,0.0
2018-11-07,0.001952483201695754,0.001952483201695754,0.0,0.0
2018-11-08,-0.021624952645766724,-0.021624952645766724,0.0,0.0
2018-11-09,-0.010472761164094326,-0.010472761164094326,0.0,0.0
2018-11-11,0.0,0.0,0.0,0.0
2018-11-12,-0.008278110003605565,-0.008278110003605565,0.0,0.0
2018-11-13,0.01632660840940825,0.01632660840940825,0.0,0.0
2018-11-14,0.0008437608631582929,0.0008437608631582929,0.0,0.0
2018-11-15,0.011167195414606257,0.011167195414606257,0.0,0.0
2018-11-16,0.0024057567149320725,0.0024057567149320725,0.0,0.0
2018-11-18,0.0,0.0,0.0,0.0
2018-11-19,0.011476240043950314,0.011476240043950314,0.0,0.0
2018-11-20,-0.012354179143605048,-0.012354179143605048,0.0,0.0
2018-11-21,0.02197508734091873,0.02197508734091873,0.0,0.0
2018-11-22,-0.016528996463687697,-0.016528996463687697,0.0,0.0
2018-11-23,0.015518711678269004,0.015518711678269004,0.0,0.0
2018-11-25,0.0,0.0,0.0,0.0
2018-11-26,-0.00037617146119460704,-0.00037617146119460704,0.0,0.0
2018-11-27,-0.0036833605361188734,-0.0036833605361188734,0.0,0.0
2018-11-28,0.009101797909058885,0.009101797909058885,0.0,0.0
2018-11-29,0.007943038466083574,0.007943038466083574,0.0,0.0
2018-11-30,0.0043306115393549225,0.0043306115393549225,0.0,0.0
2018-12-02,0.0,0.0,0.0,0.0
2018-12-02,0.0,-0.0002,0.1,20.0
2018-12-03,0.008012429410300448,0.008012429410300448,0.0,0.0
2018-12-04,-0.0032413117658596446,-0.0032413117658596446,0.0,0.0
2018-12-05,0.0016405534423437167,0.0016405534423437167,0.0,0.0
2018-12-06,-0.019435733924041333,-0.019435733924041333,0.0,0.0
2018-12-07,0.020175142808802927,0.020175142808802927,0.0,0.0
2018-12-09,0.0,0.0,0.0,0.0
2018-12-10,-0.012056176999098944,-0.012056176999098944,0.0,0.0
2018-12-11,-0.0037480690010579525,-0.0037480690010579525,0.0,0.0
2018-12-12,-0.027442306209376786,-0.027442306209376786,0.0,0.0
2018-12-13,0.018880111208800857,0.018880111208800857,0.0,0.0
2018-12-14,-0.018913418835821406,-0.018913418835821406,0.0,0.0
2018-12-16,0.0,0.0,0.0,0.0
2018-12-17,-0.0037199911442098005,-0.0037199911442098005,0.0,0.0
2018-12-18,-0.0040180981863819016,-0.0040180981863819016,0.0,0.0
2018-12-19,-2.0105388036961366e-05,-2.0105388036961366e-05,0.0,0.0
2018-12-20,-0.005468887618432417,-0.005468887618432417,0.0,0.0
2018-12-21,-0.008673644525797908,-0.008673644525797908,0.0,0.0
2018-12-23,0.0,0.0,0.0,0.0
2018-12-24,-0.010963878107621151,-0.010963878107621151,0.0,0.0
2018-12-25,-0.007102017898863656,-0.007102017898863656,0.0,0.0
2018-12-26,0.006174041068811975,0.006174041068811975,0.0,0.0
2018-12-27,0.0018858856703651613,0.0018858856703651613,0.0,0.0
2018-12-28,-0.0010633563512291722,-0.0010633563512291722,0.0,0.0
2018-12-30,0.0,0.0,0.0,0.0
2018-12-31,0.010905138466120269,0.010905138466120269,0.0,0.0
2019-01-01,0.0,0.0,0.0,0.0
2019-01-01,0.0,-0.0006,0.3,20.0
2019-01-02,-0.012334001416089292,-0.012334001416089292,0.0,0.0
2019-01-03,0.00037593348750674174,0.00037593348750674174,0.0,0.0
2019-01-04,0.008791870338257124,0.008791870338257124,0.0,0.0
2019-01-06,0.0,0.0,0.0,0.0
2019-01-07,0.006839037792463509,0.006839037792463509,0.0,0.0
2019-01-08,0.005795936476650898,0.005795936476650898,0.0,0.0
2019-01-09,0.013948070979302398,0.013948070979302398,0.0,0.0
2019-01-10,0.0003295583087689507,0.0003295583087689507,0.0,0.0
2019-01-11,0.007287465495560043,0.007287465495560043,0.0,0.0
2019-01-13,0.0,0.0,0.0,0.0
2019-01-14,7.487606010150253e-05,7.487606010150253e-05,0.0,0.0
2019-01-15,0.015902084402703257,0.015902084402703257,0.0,0.0
2019-01-16,0.004701012472126765,0.004701012472126765,0.0,0.0
2019-01-17,0.0018164529327513654,0.0018164529327513654,0.0,0.0
2019-01-18,0.01572445372550215,0.01572445372550215,0.0,0.0
2019-01-20,0.0,0.0,0.0,0.0
2019-01-21,0.0011593951696271974,0.0011593951696271974,0.0,0.0
2019-01-22,0.006076555260930117,0.006076555260930117,0.0,0.0
2019-01-23,0.0074159647680645206,0.0074159647680645206,0.0,0.0
2019-01-24,0.007853130087105009,0.007853130087105009,0.0,0.0
2019-01-25,0.00440295707592976,0.00440295707592976,0.0,0.0
2019-01-27,0.0,0.0,0.0,0.0
2019-01-28,-0.0022748496669006257,-0.0022748496669006257,0.0,0.0
2019-01-29,0.01292065268737689,0.01292065268737689,0.0,0.0
2019-01-30,-0.004181442160755066,-0.004181442160755066,0.0,0.0
2019-01-31,-0.004881635426942377,-0.004881635426942377,0.0,0.0
2019-02-01,-0.013871702099544636,-0.013871702099544636,0.0,0.0
2019-02-01,0.0,-0.0006,0.3,20.0
2019-02-03,0.0,0.0,0.0,0.0
2019-02-04,-0.008535142547059251,-0.008535142547059251,0.0,0.0
2019-02-05,0.009661452081041022,0.009661452081041022,0.0,0.0
2019-02-06,0.006476290874337543,0.006476290874337543,0.0,0.0
2019-02-07,0.0035562313651356205,0.0035562313651356205,0.0,0.0
2019-02-08,-0.01191037149931381,-0.01191037149931381,0.0,0.0
2019-02-10,0.0,0.0,0.0,0.0
2019-02-11,0.013501159934986141,0.013501159934986141,0.0,0.0
2019-02-12,-0.0034973515520600467,-0.0034973515520600467,0.0,0.0
2019-02-13,-0.017539535127377506,-0.017539535127377506,0.0,0.0
2019-02-14,-0.006862259326743071,-0.006862259326743071,0.0,0.0
2019-02-15,0.0017634202890507767,0.0017634202890507767,0.0,0.0
2019-02-17,0.0,0.0,0.0,0.0
2019-02-18,0.0014476897916010254,0.0014476897916010254,0.0,0.0
2019-02-19,0.0026893131523022086,0.0026893131523022086,0.0,0.0
2019-02-20,0.008703866896535663,0.008703866896535663,0.0,0.0
2019-02-21,0.008075418184741612,0.008075418184741612,0.0,0.0
2019-02-22,0.007196746190884429,0.007196746190884429,0.0,0.0
2019-02-24,0.0,0.0,0.0,0.0
2019-02-25,0.01739948988177408,0.01739948988177408,0.0,0.0
2019-02-26,0.00685882406149193,0.00685882406149193,0.0,0.0
2019-02-27,-0.008740540033927382,-0.008740540033927382,0.0,0.0
2019-02-28,-0.0030683810264251817,-0.0030683810264251817,0.0,0.0
2019-03-01,-0.004864019457001834,-0.004864019457001834,0.0,0.0
2019-03-01,0.0,-0.0007999999999999999,0.39999999999999997,20.0
2019-03-03,0.0,0.0,0.0,0.0
2019-03-04,0.011116195550399123,0.011116195550399123,0.0,0.0
2019-03-05,0.007036234821713649,0.007036234821713649,0.0,0.0
2019-03-06,-0.005428368617325041,-0.005428368617325041,0.0,0.0
2019-03-07,-0.014168297581188215,-0.014168297581188215,0.0,0.0
2019-03-08,-0.004440339781298741,-0.004440339781298741,0.0,0.0
2019-03-10,0.0,0.0,0.0,0.0
2019-03-11,0.003345134164844032,0.003345134164844032,0.0,0.0
2019-03-12,0.009891764076530654,0.009891764076530654,0.0,0.0
2019-03-13,-0.0031656165794022753,-0.0031656165794022753,0.0,0.0
2019-03-14,0.014157245036863154,0.014157245036863154,0.0,0.0
2019-03-15,0.007831824406987863,0.007831824406987863,0.0,0.0
2019-03-17,0.0,0.0,0.0,0.0
2019-03-18,0.013492037766410237,0.013492037766410237,0.0,0.0
2019-03-19,0.017291919362623556,0.017291919362623556,0.0,0.0
2019-03-20,-0.021046068167934508,-0.021046068167934508,0.0,0.0
2019-03-21,-0.00551903698836801,-0.00551903698836801,0.0,0.0
2019-03-22,-0.03094313009835331,-0.03094313009835331,0.0,0.0
2019-03-24,0.0,0.0,0.0,0.0
2019-03-25,0.00020385340872055647,0.00020385340872055647,0.0,0.0
2019-03-26,-0.018917805584410686,-0.018917805584410686,0.0,0.0
2019-03-27,-0.03774483777145359,-0.03774483777145359,0.0,0.0
2019-03-28,0.012637066133528609,0.012637066133528609,0.0,0.0
2019-03-29,0.0038065333640606817,0.0038065333640606817,0.0,0.0
2019-03-31,0.0,0.0,0.0,0.0
2019-04-01,0.004771047907801208,0.004771047907801208,0.0,0.0
2019-04-01,0.0,-0.0008,0.4,20.0
2019-04-02,-0.0017265229115251421,-0.0017265229115251421,0.0,0.0
2019-04-03,0.0091958482967612,0.0091958482967612,0.0,0.0
2019-04-04,0.029653978904524057,0.029653978904524057,0.0,0.0
2019-04-05,0.0160736925913357,0.0160736925913357,0.0,0.0
2019-04-07,0.0,0.0,0.0,0.0
2019-04-08,-0.011973932917526044,-0.011973932917526044,0.0,0.0
2019-04-09,0.013603538735467803,0.013603538735467803,0.0,0.0
2019-04-10,-0.007881896246891607,-0.007881896246891607,0.0,0.0
2019-04-11,-0.012572260149958926,-0.012572260149958926,0.0,0.0
2019-04-12,0.005528141868411308,0.005528141868411308,0.0,0.0
2019-04-14,0.0,0.0,0.0,0.0
2019-04-15,-0.014302222056307722,-0.014302222056307722,0.0,0.0
2019-04-16,0.0078075508806637935,0.0078075508806637935,0.0,0.0
2019-04-17,0.004327617972921027,0.004327617972921027,0.0,0.0
2019-04-18,-0.004046390951873868,-0.004046390951873868,0.0,0.0
2019-04-19,0.000781527038000185,0.000781527038000185,0.0,0.0
2019-04-21,0.0,0.0,0.0,0.0
2019-04-22,-0.004296238704449452,-0.004296238704449452,0.0,0.0
2019-04-23,0.0,0.0,0.0,0.0
2019-04-24,-0.006520606752019665,-0.006520606752019665,0.0,0.0
2019-04-25,-0.017490216457055074,-0.017490216457055074,0.0,0.0
2019-04-26,0.002376741298768759,0.002376741298768759,0.0,0.0
2019-04-28,0.0,0.0,0.0,0.0
2019-04-29,7.817277322498279e-05,7.817277322498279e-05,0.0,0.0
2019-04-30,0.017390139603208045,0.017390139603208045,0.0,0.0
2019-05-01,0.0,0.0,0.0,0.0
2019-05-01,0.0,-0.0004,0.2,20.0
2019-05-02,0.008369049749392855,0.008369049749392855,0.0,0.0
2019-05-03,-0.002582712466994241,-0.002582712466994241,0.0,0.0
2019-05-05,0.0,0.0,0.0,0.0
2019-05-06,-0.0035042011564781037,-0.0035042011564781037,0.0,0.0
2019-05-07,-0.004548501134627192,-0.004548501134627192,0.0,0.0
2019-05-08,0.009189425970282451,0.009189425970282451,0.0,0.0
2019-05-09,-0.014500144174209098,-0.014500144174209098,0.0,0.0
2019-05-10,0.01192731728686194,0.01192731728686194,0.0,0.0
2019-05-12,0.0,0.0,0.0,0.0
2019-05-13,-0.016395008299302738,-0.016395008299302738,0.0,0.0
2019-05-14,0.015899069941615794,0.015899069941615794,0.0,0.0
2019-05-15,0.005904541099429505,0.005904541099429505,0.0,0.0
2019-05-16,0.00614808391694647,0.00614808391694647,0.0,0.0
2019-05-17,-0.0036699033954669114,-0.0036699033954669114,0.0,0.0
2019-05-19,0.0,0.0,0.0,0.0
2019-05-20,0.005340639107230528,0.005340639107230528,0.0,0.0
2019-05-21,-0.006095524976397015,-0.006095524976397015,0.0,0.0
2019-05-22,-0.017980209347341937,-0.017980209347341937,0.0,0.0
2019-05-23,-0.0061438226199119535,-0.0061438226199119535,0.0,0.0
2019-05-24,0.018881572511705524,0.018881572511705524,0.0,0.0
2019-05-26,0.0,0.0,0.0,0.0
2019-05-27,-0.0004197587056108728,-0.0004197587056108728,0.0,0.0
2019-05-28,0.01752163677460704,0.01752163677460704,0.0,0.0
2019-05-29,-0.0011810361053484764,-0.0011810361053484764,0.0,0.0
2019-05-30,0.021090070110101847,0.021090070110101847,0.0,0.0
2019-05-31,0.01041104735655203,0.01041104735655203,0.0,0.0
2019-06-02,0.0,-0.0006,0.3,20.0
2019-06-02,0.0,0.0,0.0,0.0
2019-06-03,0.0030280989452314945,0.0030280989452314945,0.0,0.0
2019-06-04,0.0,0.0,0.0,0.0
2019-06-05,0.0,0.0,0.0,0.0
2019-06-06,0.0,0.0,0.0,0.0
2019-06-07,0.023309484020899576,0.023309484020899576,0.0,0.0
2019-06-09,0.0,0.0,0.0,0.0
2019-06-10,0.010494871864632983,0.010494871864632983,0.0,0.0
2019-06-11,-0.004169615907461322,-0.004169615907461322,0.0,0.0
2019-06-12,0.004261717489099483,0.004261717489099483,0.0,0.0
2019-06-13,-0.013836878099258387,-0.013836878099258387,0.0,0.0
2019-06-14,0.006261970206359458,0.006261970206359458,0.0,0.0
2019-06-16,0.0,0.0,0.0,0.0
2019-06-17,0.010289660025510617,0.010289660025510617,0.0,0.0
2019-06-18,0.020475997543310077,0.020475997543310077,0.0,0.0
2019-06-19,-0.006196178955120057,-0.006196178955120057,0.0,0.0
2019-06-20,-0.0031436517095826738,-0.0031436517095826738,0.0,0.0
2019-06-21,-0.0010425998012275615,-0.0010425998012275615,0.0,0.0
2019-06-23,0.0,0.0,0.0,0.0
2019-06-24,0.01695803312615951,0.01695803312615951,0.0,0.0
2019-06-25,0.003399065103990162,0.003399065103990162,0.0,0.0
2019-06-26,-0.0014264643833563184,-0.0014264643833563184,0.0,0.0
2019-06-27,0.00841543338974713,0.00841543338974713,0.0,0.0
2019-06-28,-0.0032255230734119953,-0.0032255230734119953,0.0,0.0
2019-06-30,0.0,0.0,0.0,0.0
2019-07-01,0.011352651589757335,0.011352651589757335,0.0,0.0
2019-07-01,0.0,-0.0004,0.2,20.0
2019-07-02,-0.007426280268174124,-0.007426280268174124,0.0,0.0
2019-07-03,-0.014079896769542967,-0.014079896769542967,0.0,0.0
2019-07-04,-0.010814677151176167,-0.010814677151176167,0.0,0.0
2019-07-05,-0.019013718871267984,-0.019013718871267984,0.0,0.0
2019-07-07,0.0,0.0,0.0,0.0
2019-07-08,0.007760695861566291,0.007760695861566291,0.0,0.0
2019-07-09,-0.022469630676328865,-0.022469630676328865,0.0,0.0
2019-07-10,0.013101294666292052,0.013101294666292052,0.0,0.0
2019-07-11,0.010175240991206203,0.010175240991206203,0.0,0.0
2019-07-12,-0.010031615313341548,-0.010031615313341548,0.0,0.0
2019-07-14,0.0,0.0,0.0,0.0
2019-07-15,0.0,0.0,0.0,0.0
2019-07-16,0.01729307983871139,0.01729307983871139,0.0,0.0
2019-07-17,0.017316522887885023,0.017316522887885023,0.0,0.0
2019-07-18,0.015414044371509852,0.015414044371509852,0.0,0.0
2019-07-19,0.014189254481358826,0.014189254481358826,0.0,0.0
2019-07-21,0.0,0.0,0.0,0.0
2019-07-22,-0.005437036779529014,-0.005437036779529014,0.0,0.0
2019-07-23,0.00985279793158912,0.00985279793158912,0.0,0.0
2019-07-24,0.006548873313554571,0.006548873313554571,0.0,0.0
2019-07-25,-0.006416417965889199,-0.006416417965889199,0.0,0.0
2019-07-26,0.005777913721223184,0.005777913721223184,0.0,0.0
2019-07-28,0.0,0.0,0.0,0.0
2019-07-29,0.005289891428652771,0.005289891428652771,0.0,0.0
2019-07-30,0.004830485884797853,0.004830485884797853,0.0,0.0
2019-07-31,-0.00426117373662992,-0.00426117373662992,0.0,0.0
2019-08-01,0.011594302431292058,0.011594302431292058,0.0,0.0
2019-08-01,0.0,-0.0004,0.2,20.0
2019-08-02,-0.020096108732323616,-0.020096108732323616,0.0,0.0
2019-08-04,0.0,0.0,0.0,0.0
2019-08-05,0.005446491400664179,0.005446491400664179,0.0,0.0
2019-08-06,0.01260116493703637,0.01260116493703637,0.0,0.0
2019-08-07,-0.010222278427926423,-0.010222278427926423,0.0,0.0
2019-08-08,0.01753557531292638,0.01753557531292638,0.0,0.0
2019-08-09,0.016617978474312955,0.016617978474312955,0.0,0.0
2019-08-11,0.0,0.0,0.0,0.0
2019-08-12,0.0,0.0,0.0,0.0
2019-08-13,0.0,0.0,0.0,0.0
2019-08-14,0.0,0.0,0.0,0.0
2019-08-15,-0.013501533746417639,-0.013501533746417639,0.0,0.0
2019-08-16,0.010183916220859159,0.010183916220859159,0.0,0.0
2019-08-18,0.0,0.0,0.0,0.0
2019-08-19,-0.0007271225553998287,-0.0007271225553998287,0.0,0.0
2019-08-20,0.022299520899491544,0.022299520899491544,0.0,0.0
2019-08-21,-0.031336091630992484,-0.031336091630992484,0.0,0.0
2019-08-22,0.0016489845471875377,0.0016489845471875377,0.0,0.0
2019-08-23,0.014064097138402534,0.014064097138402534,0.0,0.0
2019-08-25,0.0,0.0,0.0,0.0
2019-08-26,0.012919776397647442,0.012919776397647442,0.0,0.0
2019-08-27,-0.0066685404960372665,-0.0066685404960372665,0.0,0.0
2019-08-28,0.0030464040290287047,0.0030464040290287047,0.0,0.0
2019-08-29,-0.013411268827821598,-0.013411268827821598,0.0,0.0
2019-08-30,0.0,0.0,0.0,0.0
2019-08-30,0.0,-0.0016000000000000003,0.8000000000000002,20.0
2019-08-31,0.0,0.0,0.0,0.0
2019-08-31,0.0,-0.0020000000000000005,1.0000000000000002,20.0
2019-09-01,0.0,0.0,0.0,0.0
2019-09-01,0.0,-0.0020000000000000005,1.0000000000000002,20.0
2019-09-02,-0.0004899683927903631,-0.0004899683927903631,0.0,0.0
2019-09-03,0.011422399129074057,0.011422399129074057,0.0,0.0
2019-09-04,0.001261051522962242,0.001261051522962242,0.0,0.0
2019-09-05,0.007722722999502274,0.007722722999502274,0.0,0.0
2019-09-06,0.0222323889197521,0.0222323889197521,0.0,0.0
2019-09-08,0.0,0.0,0.0,0.0
2019-09-09,0.08276688907422847,0.08276688907422847,0.0,0.0
2019-09-10,-0.020541549953314586,-0.020541549953314586,0.0,0.0
2019-09-11,0.004301075268817178,0.004301075268817178,0.0,0.0
2019-09-12,0.01235203293875442,0.01235203293875442,0.0,0.0
2019-09-13,0.011640211640211673,0.011640211640211673,0.0,0.0
2019-09-15,0.0,0.0,0.0,0.0
2019-09-16,0.03991464077261497,0.03991464077261497,0.0,0.0
2019-09-17,-0.026629570747217723,-0.026629570747217723,0.0,0.0
2019-09-18,0.06412578131689362,0.06412578131689362,0.0,0.0
2019-09-19,-0.008401865229233085,-0.008401865229233085,0.0,0.0
2019-09-20,-0.005365236964632647,-0.005365236964632647,0.0,0.0
2019-09-22,0.0,0.0,0.0,0.0
2019-09-23,0.012780947037002444,0.012780947037002444,0.0,0.0
2019-09-24,0.0064591025006660585,0.0064591025006660585,0.0,0.0
2019-09-25,0.009426371279459778,0.009426371279459778,0.0,0.0
2019-09-26,-0.021487301364706668,-0.021487301364706668,0.0,0.0
2019-09-27,0.010753351268432909,0.010753351268432909,0.0,0.0
2019-09-29,0.0,0.0,0.0,0.0
2019-09-30,0.008937936238445576,0.008937936238445576,0.0,0.0
2019-10-01,-0.0197055114605742,-0.0197055114605742,0.0,0.0
2019-10-01,0.0,-0.0020000000000000005,1.0000000000000002,20.0
2019-10-02,0.014506901525284365,0.014506901525284365,0.0,0.0
2019-10-03,-0.01354997291111757,-0.01354997291111757,0.0,0.0
2019-10-04,0.013301914120138371,0.013301914120138371,0.0,0.0
2019-10-06,0.0,0.0,0.0,0.0
2019-10-07,-0.007842708965806999,-0.007842708965806999,0.0,0.0
2019-10-08,-0.00769160364056849,-0.00769160364056849,0.0,0.0
2019-10-09,-0.016879565565248247,-0.016879565565248247,0.0,0.0
2019-10-10,-0.010763181766438125,-0.010763181766438125,0.0,0.0
2019-10-11,-0.004699291765328073,-0.004699291765328073,0.0,0.0
2019-10-13,0.0,0.0,0.0,0.0
2019-10-14,-0.04520171939332149,-0.04520171939332149,0.0,0.0
2019-10-15,0.010058043079677592,0.010058043079677592,0.0,0.0
2019-10-16,-0.022463905056906354,-0.022463905056906354,0.0,0.0
2019-10-17,0.0029058094417580226,0.0029058094417580226,0.0,0.0
2019-10-18,0.02398171709519401,0.02398171709519401,0.0,0.0
2019-10-20,0.0,0.0,0.0,0.0
2019-10-21,-0.002169935072929974,-0.002169935072929974,0.0,0.0
2019-10-22,0.03287977454946892,0.03287977454946892,0.0,0.0
2019-10-23,0.019958818224471608,0.019958818224471608,0.0,0.0
2019-10-24,0.005165198888654942,0.005165198888654942,0.0,0.0
2019-10-25,0.004670460584510783,0.004670460584510783,0.0,0.0
2019-10-27,0.0,0.0,0.0,0.0
2019-10-28,-0.0027298316201785694,-0.0027298316201785694,0.0,0.0
2019-10-29,0.0,0.0,0.0,0.0
2019-10-30,-0.0028191016349896954,-0.0028191016349896954,0.0,0.0
2019-10-31,0.008967082688805018,0.008967082688805018,0.0,0.0
2019-11-01,0.0,-0.0002,0.1,20.0
2019-11-01,-0.007184986114988369,-0.007184986114988369,0.0,0.0
2019-11-03,0.0,0.0,0.0,0.0
2019-11-04,0.015803977446083604,0.015803977446083604,0.0,0.0
2019-11-05,0.00829901800824967,0.00829901800824967,0.0,0.0
2019-11-06,0.007533715328905867,0.007533715328905867,0.0,0.0
2019-11-07,0.01947635727423805,0.01947635727423805,0.0,0.0
2019-11-08,-0.005994635721002151,-0.005994635721002151,0.0,0.0
2019-11-10,0.0,0.0,0.0,0.0
2019-11-11,0.009701060017036002,0.009701060017036002,0.0,0.0
2019-11-12,0.006438941162130353,0.006438941162130353,0.0,0.0
2019-11-13,0.010735042095126901,0.010735042095126901,0.0,0.0
2019-11-14,-0.009661301372864382,-0.009661301372864382,0.0,0.0
2019-11-15,0.020996079166136886,0.020996079166136886,0.0,0.0
2019-11-17,0.0,0.0,0.0,0.0
2019-11-18,0.007786434833883881,0.007786434833883881,0.0,0.0
2019-11-19,0.0016801685097666324,0.0016801685097666324,0.0,0.0
2019-11-20,-0.0036570668262051686,-0.0036570668262051686,0.0,0.0
2019-11-21,-0.0028030341229181126,-0.0028030341229181126,0.0,0.0
2019-11-22,-0.005173486954251449,-0.005173486954251449,0.0,0.0
2019-11-24,0.0,0.0,0.0,0.0
2019-11-25,-0.01051205969576081,-0.01051205969576081,0.0,0.0
2019-11-26,0.0028625221540800948,0.0028625221540800948,0.0,0.0
2019-11-27,-0.004806392465900788,-0.004806392465900788,0.0,0.0
2019-11-28,0.011077308762228334,0.011077308762228334,0.0,0.0
2019-11-29,0.0031372158631645555,0.0031372158631645555,0.0,0.0
2019-11-30,0.0,0.0,0.0,0.0
2019-11-30,0.0,-0.0006,0.3,20.0
2019-12-01,0.0,0.0,0.0,0.0
2019-12-01,0.0,-0.0020000000000000005,1.0000000000000002,20.0
2019-12-02,0.10632539147373943,0.10632539147373943,0.0,0.0
2019-12-03,-0.028526325053354118,-0.028526325053354118,0.0,0.0
2019-12-04,0.015410958904109595,0.015410958904109595,0.0,0.0
2019-12-05,-0.014350847752782336,-0.014350847752782336,0.0,0.0
2019-12-06,0.005133470225872627,0.005133470225872627,0.0,0.0
2019-12-08,0.0,0.0,0.0,0.0
2019-12-09,-0.002322880371660896,-0.002322880371660896,0.0,0.0
2019-12-10,-0.006193905021383839,-0.006193905021383839,0.0,0.0
2019-12-11,-0.026796856673704017,-0.026796856673704017,0.0,0.0
2019-12-12,0.028313032192869958,0.028313032192869958,0.0,0.0
2019-12-13,0.03160142132027266,0.03160142132027266,0.0,0.0
2019-12-15,0.0,0.0,0.0,0.0
2019-12-16,0.00263389711064127,0.00263389711064127,0.0,0.0
2019-12-17,-0.025009424698848093,-0.025009424698848093,0.0,0.0
2019-12-18,0.041422563236061305,0.041422563236061305,0.0,0.0
2019-12-19,0.012571884984025672,0.012571884984025672,0.0,0.0
2019-12-20,-0.017255892255892247,-0.017255892255892247,0.0,0.0
2019-12-22,0.0,0.0,0.0,0.0
2019-12-23,-0.024396018294323363,-0.024396018294323363,0.0,0.0
2019-12-24,-0.012372291862908447,-0.012372291862908447,0.0,0.0
2019-12-25,0.0019716216530039077,0.0019716216530039077,0.0,0.0
2019-12-26,-0.013401572981725673,-0.013401572981725673,0.0,0.0
2019-12-27,-0.01751642313213614,-0.01751642313213614,0.0,0.0
2019-12-29,0.0,0.0,0.0,0.0
2019-12-30,-0.037528316753668745,-0.037528316753668745,0.0,0.0
2019-12-31,-0.012753786529577149,-0.012753786529577149,0.0,0.0
2020-01-01,0.0,0.0,0.0,0.0
2020-01-01,0.0,-0.0020000000000000005,1.0000000000000002,20.0
2020-01-02,0.025177309708472307,0.025177309708472307,0.0,0.0
2020-01-03,-0.013683513974420292,-0.013683513974420292,0.0,0.0
2020-01-05,0.0,0.0,0.0,0.0
2020-01-06,-0.0007298347542384455,-0.0007298347542384455,0.0,0.0
2020-01-07,0.009782406011825296,0.009782406011825296,0.0,0.0
2020-01-08,-0.009193598131594904,-0.009193598131594904,0.0,0.0
2020-01-09,0.028559633672401878,0.028559633672401878,0.0,0.0
2020-01-10,-0.010631134737205505,-0.010631134737205505,0.0,0.0
2020-01-12,0.0,0.0,0.0,0.0
2020-01-13,0.012966151370347201,0.012966151370347201,0.0,0.0
2020-01-14,0.0030748015834734083,0.0030748015834734083,0.0,0.0
2020-01-15,-0.003859776932265191,-0.003859776932265191,0.0,0.0
2020-01-16,-0.009335541226909761,-0.009335541226909761,0.0,0.0
2020-01-17,0.011220184498254472,0.011220184498254472,0.0,0.0
2020-01-19,0.0,0.0,0.0,0.0
2020-01-20,0.017767987917836115,0.017767987917836115,0.0,0.0
2020-01-21,0.005130533658882252,0.005130533658882252,0.0,0.0
2020-01-22,0.01446554327337479,0.01446554327337479,0.0,0.0
2020-01-23,-0.008063477380736228,-0.008063477380736228,0.0,0.0
2020-01-24,0.0010921706862093705,0.0010921706862093705,0.0,0.0
2020-01-26,0.0,0.0,0.0,0.0
2020-01-27,-0.003091040187466332,-0.003091040187466332,0.0,0.0
2020-01-28,0.0006711630772998634,0.0006711630772998634,0.0,0.0
2020-01-29,-0.0008581609049769668,-0.0008581609049769668,0.0,0.0
2020-01-30,-0.00668299274108618,-0.00668299274108618,0.0,0.0
2020-01-31,0.0020399901522757165,0.0020399901522757165,0.0,0.0
2020-02-02,0.0,0.0,0.0,0.0
2020-02-02,0.0,-0.0006,0.3,20.0
2020-02-03,0.017104595638958168,0.017104595638958168,0.0,0.0
2020-02-04,0.008315503536692826,0.008315503536692826,0.0,0.0
2020-02-05,-0.0024747195317990087,-0.0024747195317990087,0.0,0.0
2020-02-06,-0.0044040298695225185,-0.0044040298695225185,0.0,0.0
2020-02-07,0.007420775736181406,0.007420775736181406,0.0,0.0
2020-02-09,0.0,0.0,0.0,0.0
2020-02-10,-0.020528010972829337,-0.020528010972829337,0.0,0.0
2020-02-11,0.017657173265118554,0.017657173265118554,0.0,0.0
2020-02-12,0.0038824962975055667,0.0038824962975055667,0.0,0.0
2020-02-13,0.0035806907476042087,0.0035806907476042087,0.0,0.0
2020-02-14,0.003817786443128424,0.003817786443128424,0.0,0.0
2020-02-16,0.0,0.0,0.0,0.0
2020-02-17,-0.0008467964864028897,-0.0008467964864028897,0.0,0.0
2020-02-18,-0.007603801812962751,-0.007603801812962751,0.0,0.0
2020-02-19,0.0010671549760892232,0.0010671549760892232,0.0,0.0
2020-02-20,-0.04182204221443704,-0.04182204221443704,0.0,0.0
2020-02-21,0.048075480988680044,0.048075480988680044,0.0,0.0
2020-02-23,0.0,0.0,0.0,0.0
2020-02-24,0.010730787953511099,0.010730787953511099,0.0,0.0
2020-02-25,-0.006361399630925825,-0.006361399630925825,0.0,0.0
2020-02-26,0.004888338258242331,0.004888338258242331,0.0,0.0
2020-02-27,-0.03815902047514923,-0.03815902047514923,0.0,0.0
2020-02-28,-0.03487653597176886,-0.03487653597176886,0.0,0.0
2020-02-29,0.0,0.0,0.0,0.0
2020-02-29,0.0,-0.0002,0.1,20.0
2020-03-01,0.0,0.0,0.0,0.0
2020-03-01,0.0,-0.0020000000000000005,1.0000000000000002,20.0
2020-03-02,-0.016111851105515607,-0.016111851105515607,0.0,0.0
2020-03-03,-0.0062002513615416754,-0.0062002513615416754,0.0,0.0
2020-03-04,-0.038362326798717594,-0.038362326798717594,0.0,0.0
2020-03-05,0.035241360310998227,0.035241360310998227,0.0,0.0
2020-03-06,-0.017260496325000263,-0.017260496325000263,0.0,0.0
2020-03-08,0.0,0.0,0.0,0.0
2020-03-09,-0.13827012909131076,-0.13827012909131076,0.0,0.0
2020-03-10,-0.12459285551086352,-0.12459285551086352,0.0,0.0
2020-03-11,-0.07683368485319414,-0.07683368485319414,0.0,0.0
2020-03-12,-0.1735626335605983,-0.1735626335605983,0.0,0.0
2020-03-13,0.08740157480314958,0.08740157480314958,0.0,0.0
2020-03-15,0.0,0.0,0.0,0.0
2020-03-16,-0.09765991584173406,-0.09765991584173406,0.0,0.0
2020-03-17,-0.04039634146341459,-0.04039634146341459,0.0,0.0
2020-03-18,-0.006777016896956978,-0.006777016896956978,0.0,0.0
2020-03-19,-0.06300675096809566,-0.06300675096809566,0.0,0.0
2020-03-20,-0.0014106080854023872,-0.0014106080854023872,0.0,0.0
2020-03-22,0.0,0.0,0.0,0.0
2020-03-23,-0.05498949744490078,-0.05498949744490078,0.0,0.0
2020-03-24,0.09384655898876404,0.09384655898876404,0.0,0.0
2020-03-25,0.08233740508418619,0.08233740508418619,0.0,0.0
2020-03-26,0.09228658765753806,0.09228658765753806,0.0,0.0
2020-03-27,0.04722974817801873,0.04722974817801873,0.0,0.0
2020-03-29,0.0,0.0,0.0,0.0
2020-03-30,0.010879576329726026,0.010879576329726026,0.0,0.0
2020-03-31,0.06776649746192887,0.06776649746192887,0.0,0.0
2020-04-01,0.045603089720736845,0.045603089720736845,0.0,0.0
2020-04-01,0.0,-0.0020000000000000005,1.0000000000000002,20.0
2020-04-02,-0.0012483596303402237,-0.0012483596303402237,0.0,0.0
2020-04-03,0.004736127157522418,0.004736127157522418,0.0,0.0
2020-04-05,0.0,0.0,0.0,0.0
2020-04-06,0.04799839126911894,0.04799839126911894,0.0,0.0
2020-04-07,0.00937952847187109,0.00937952847187109,0.0,0.0
2020-04-08,0.018750895117776514,0.018750895117776514,0.0,0.0
2020-04-09,0.02608203933325708,0.02608203933325708,0.0,0.0
2020-04-10,0.009656777857560661,0.009656777857560661,0.0,0.0
2020-04-12,0.0,0.0,0.0,0.0
2020-04-13,0.008280009849542615,0.008280009849542615,0.0,0.0
2020-04-14,0.034710561045388305,0.034710561045388305,0.0,0.0
2020-04-15,-0.023715341659675617,-0.023715341659675617,0.0,0.0
2020-04-16,0.02692125112650736,0.02692125112650736,0.0,0.0
2020-04-17,0.026336355266403395,0.026336355266403395,0.0,0.0
2020-04-19,0.0,0.0,0.0,0.0
2020-04-20,0.005344084380587023,0.005344084380587023,0.0,0.0
2020-04-21,-0.0014896954506993247,-0.0014896954506993247,0.0,0.0
2020-04-22,0.014157116194572338,0.014157116194572338,0.0,0.0
2020-04-23,0.0,0.0,0.0,0.0
2020-04-24,0.01948420213766109,0.01948420213766109,0.0,0.0
2020-04-26,0.0,0.0,0.0,0.0
2020-04-27,0.03300569550119463,0.03300569550119463,0.0,0.0
2020-04-28,-0.01307387621785514,-0.01307387621785514,0.0,0.0
2020-04-29,0.01677227179217542,0.01677227179217542,0.0,0.0
2020-04-30,-0.00356591216261405,-0.00356591216261405,0.0,0.0
2020-05-01,0.0,0.0,0.0,0.0
2020-05-01,0.0,-0.0006,0.3,20.0
2020-05-03,0.0,0.0,0.0,0.0
2020-05-04,-0.017389951036648376,-0.017389951036648376,0.0,0.0
2020-05-05,0.01087248604059774,0.01087248604059774,0.0,0.0
2020-05-06,0.021247559003705275,0.021247559003705275,0.0,0.0
2020-05-07,-0.01360300071011248,-0.01360300071011248,0.0,0.0
2020-05-08,-0.02547408310480843,-0.02547408310480843,0.0,0.0
2020-05-10,0.0,0.0,0.0,0.0
2020-05-11,-0.009597449406581415,-0.009597449406581415,0.0,0.0
2020-05-12,0.02806896588865746,0.02806896588865746,0.0,0.0
2020-05-13,0.014838429279505206,0.014838429279505206,0.0,0.0
2020-05-14,-0.004198894470578718,-0.004198894470578718,0.0,0.0
2020-05-15,0.00895661676810058,0.00895661676810058,0.0,0.0
2020-05-17,0.0,0.0,0.0,0.0
2020-05-18,0.012085915036283335,0.012085915036283335,0.0,0.0
2020-05-19,0.0,0.0,0.0,0.0
2020-05-20,0.009565873153370187,0.009565873153370187,0.0,0.0
2020-05-21,0.01749025020299061,0.01749025020299061,0.0,0.0
2020-05-22,-0.0024324965400046254,-0.0024324965400046254,0.0,0.0
2020-05-24,0.0,0.0,0.0,0.0
2020-05-25,0.0,0.0,0.0,0.0
2020-05-26,0.0,0.0,0.0,0.0
2020-05-27,0.012504237526647389,0.012504237526647389,0.0,0.0
2020-05-28,0.008817319769350174,0.008817319769350174,0.0,0.0
2020-05-29,-0.011227829923516121,-0.011227829923516121,0.0,0.0
2020-05-31,0.0,0.0,0.0,0.0
2020-06-01,0.009673746624733972,0.009673746624733972,0.0,0.0
2020-06-02,0.016409288388921618,0.016409288388921618,0.0,0.0
2020-06-03,0.011135346682154247,0.011135346682154247,0.0,0.0
2020-06-04,-0.002661346074172122,-0.002661346074172122,0.0,0.0
2020-06-05,0.00353205586177584,0.00353205586177584,0.0,0.0
2020-06-07,0.0,0.0,0.0,0.0
2020-06-08,-0.001491619364670016,-0.001491619364670016,0.0,0.0
2020-06-09,0.0030194308567969893,0.0030194308567969893,0.0,0.0
2020-06-10,0.008072909042484679,0.008072909042484679,0.0,0.0
2020-06-11,0.005110166056319154,0.005110166056319154,0.0,0.0
2020-06-12,0.016932109381042316,0.016932109381042316,0.0,0.0
2020-06-14,0.0,0.0,0.0,0.0
2020-06-15,0.001273839034657131,0.001273839034657131,0.0,0.0
2020-06-16,2.472490886830099e-05,2.472490886830099e-05,0.0,0.0
2020-06-17,0.003316355189784348,0.003316355189784348,0.0,0.0
2020-06-18,-0.0003177555481804987,-0.0003177555481804987,0.0,0.0
2020-06-19,0.005729664742372742,0.005729664742372742,0.0,0.0
2020-06-21,0.0,0.0,0.0,0.0
2020-06-22,0.016478408273224963,0.016478408273224963,0.0,0.0
2020-06-23,0.007313765959881058,0.007313765959881058,0.0,0.0
2020-06-24,-0.004437002818456026,-0.004437002818456026,0.0,0.0
2020-06-25,-0.01537040940741813,-0.01537040940741813,0.0,0.0
2020-06-26,0.004338129812024739,0.004338129812024739,0.0,0.0
2020-06-28,0.0,0.0,0.0,0.0
2020-06-29,0.005964489410454011,0.005964489410454011,0.0,0.0
2020-06-30,0.012131521690657288,0.012131521690657288,0.0,0.0
2020-07-01,-0.000800626399779736,-0.000800626399779736,0.0,0.0
2020-07-01,0.0,-0.0004,0.2,20.0
2020-07-02,0.015355059091382408,0.015355059091382408,0.0,0.0
2020-07-03,-0.00891713977043317,-0.00891713977043317,0.0,0.0
2020-07-05,0.0,0.0,0.0,0.0
2020-07-06,0.023285801515047888,0.023285801515047888,0.0,0.0
2020-07-07,-0.0014799597679203244,-0.0014799597679203244,0.0,0.0
2020-07-08,-0.0008154784982745246,-0.0008154784982745246,0.0,0.0
2020-07-09,-0.027681292297956926,-0.027681292297956926,0.0,0.0
2020-07-10,-0.008202768168666042,-0.008202768168666042,0.0,0.0
2020-07-12,0.0,0.0,0.0,0.0
2020-07-13,0.03676674526404426,0.03676674526404426,0.0,0.0
2020-07-14,-0.006090115242826677,-0.006090115242826677,0.0,0.0
2020-07-15,0.0,0.0,0.0,0.0
2020-07-16,0.015024154570477346,0.015024154570477346,0.0,0.0
2020-07-17,0.03169243863007698,0.03169243863007698,0.0,0.0
2020-07-19,0.0,0.0,0.0,0.0
2020-07-20,0.005396852079628733,0.005396852079628733,0.0,0.0
2020-07-21,-0.02018436437845196,-0.02018436437845196,0.0,0.0
2020-07-22,0.002118243625357885,0.002118243625357885,0.0,0.0
2020-07-23,7.166679494189385e-05,7.166679494189385e-05,0.0,0.0
2020-07-24,0.0011503297874917993,0.0011503297874917993,0.0,0.0
2020-07-26,0.0,0.0,0.0,0.0
2020-07-27,0.019065286485850975,0.019065286485850975,0.0,0.0
2020-07-28,-0.019114538769374544,-0.019114538769374544,0.0,0.0
2020-07-29,0.010892934080276164,0.010892934080276164,0.0,0.0
2020-07-30,-0.009729437700524646,-0.009729437700524646,0.0,0.0
2020-07-31,0.0,-0.0016000000000000003,0.8000000000000002,20.0
2020-07-31,0.0,0.0,0.0,0.0
2020-08-02,0.0,0.0,0.0,0.0
2020-08-02,0.0,-0.0020000000000000005,1.0000000000000002,20.0
2020-08-03,0.0,0.0,0.0,0.0
2020-08-04,-0.04146862459230831,-0.04146862459230831,0.0,0.0
2020-08-05,0.004179142847833141,0.004179142847833141,0.0,0.0
2020-08-06,-0.0478189820598459,-0.0478189820598459,0.0,0.0
2020-08-07,0.03504330174254196,0.03504330174254196,0.0,0.0
2020-08-09,0.0,0.0,0.0,0.0
2020-08-10,0.016978516351880704,0.016978516351880704,0.0,0.0
2020-08-11,0.021555103547910223,0.021555103547910223,0.0,0.0
2020-08-12,0.015694411843490786,0.015694411843490786,0.0,0.0
2020-08-13,-0.02557895741700295,-0.02557895741700295,0.0,0.0
2020-08-14,-0.015811086143484553,-0.015811086143484553,0.0,0.0
2020-08-16,0.0,0.0,0.0,0.0
2020-08-17,-0.009617756348199214,-0.009617756348199214,0.0,0.0
2020-08-18,0.012205293897453683,0.012205293897453683,0.0,0.0
2020-08-19,0.025146141913969026,0.025146141913969026,0.0,0.0
2020-08-20,-0.0008910210238535776,-0.0008910210238535776,0.0,0.0
2020-08-21,-0.01239047150037328,-0.01239047150037328,0.0,0.0
2020-08-23,0.0,0.0,0.0,0.0
2020-08-24,-2.9681706012708517e-06,-2.9681706012708517e-06,0.0,0.0
2020-08-25,-0.016535824388931874,-0.016535824388931874,0.0,0.0
2020-08-26,0.003084244786850365,0.003084244786850365,0.0,0.0
2020-08-27,0.008677815163348535,0.008677815163348535,0.0,0.0
2020-08-28,0.0026723644205118528,0.0026723644205118528,0.0,0.0
2020-08-30,0.0,0.0,0.0,0.0
2020-08-31,-0.011328734444149835,-0.011328734444149835,0.0,0.0
2020-09-01,-0.0029888884900178487,-0.0029888884900178487,0.0,0.0
2020-09-01,0.0,-0.0006,0.3,20.0
2020-09-02,-0.0038078136736422797,-0.0038078136736422797,0.0,0.0
2020-09-03,-0.0051469352310817736,-0.0051469352310817736,0.0,0.0
2020-09-04,0.001342345969301861,0.001342345969301861,0.0,0.0
2020-09-06,0.0,0.0,0.0,0.0
2020-09-07,0.015403686290727947,0.015403686290727947,0.0,0.0
2020-09-08,-0.007372473104379984,-0.007372473104379984,0.0,0.0
2020-09-09,0.015570924623950023,0.015570924623950023,0.0,0.0
2020-09-10,-0.010868453220084173,-0.010868453220084173,0.0,0.0
2020-09-11,0.004402974077903243,0.004402974077903243,0.0,0.0
2020-09-13,0.0,0.0,0.0,0.0
2020-09-14,0.009233046196189164,0.009233046196189164,0.0,0.0
2020-09-15,0.002968758133965422,0.002968758133965422,0.0,0.0
2020-09-16,-0.0011096721790822995,-0.0011096721790822995,0.0,0.0
2020-09-17,-0.0020422053694210906,-0.0020422053694210906,0.0,0.0
2020-09-18,0.00950366313973764,0.00950366313973764,0.0,0.0
2020-09-20,0.0,0.0,0.0,0.0
2020-09-21,-0.027290694939770134,-0.027290694939770134,0.0,0.0
2020-09-22,0.006394378872784001,0.006394378872784001,0.0,0.0
2020-09-23,0.0022997893343884804,0.0022997893343884804,0.0,0.0
2020-09-24,0.0067622968626535945,0.0067622968626535945,0.0,0.0
2020-09-25,0.0062342030196068324,0.0062342030196068324,0.0,0.0
2020-09-27,0.0,0.0,0.0,0.0
2020-09-28,-0.002343330330549154,-0.002343330330549154,0.0,0.0
2020-09-29,0.010282398831411212,0.010282398831411212,0.0,0.0
2020-09-30,0.016086538758357496,0.016086538758357496,0.0,0.0
2020-10-01,0.014329570003158454,0.014329570003158454,0.0,0.0
2020-10-01,0.0,-0.0006,0.3,20.0
2020-10-02,0.004032980876541881,0.004032980876541881,0.0,0.0
2020-10-04,0.0,0.0,0.0,0.0
2020-10-05,0.01843296633345108,0.01843296633345108,0.0,0.0
2020-10-06,0.0040421720152093886,0.0040421720152093886,0.0,0.0
2020-10-07,0.00995520627160752,0.00995520627160752,0.0,0.0
2020-10-08,-0.009167871944122507,-0.009167871944122507,0.0,0.0
2020-10-09,0.011688665015036084,0.011688665015036084,0.0,0.0
2020-10-11,0.0,0.0,0.0,0.0
2020-10-12,0.02220417611193385,0.02220417611193385,0.0,0.0
2020-10-13,-0.0008918760956515455,-0.0008918760956515455,0.0,0.0
2020-10-14,0.011449652141577726,0.011449652141577726,0.0,0.0
2020-10-15,-0.015503589580769351,-0.015503589580769351,0.0,0.0
2020-10-16,0.014648032999813421,0.014648032999813421,0.0,0.0
2020-10-18,0.0,0.0,0.0,0.0
2020-10-19,0.005345338483634044,0.005345338483634044,0.0,0.0
2020-10-20,0.012142397699599228,0.012142397699599228,0.0,0.0
2020-10-21,-0.0013592985203216175,-0.0013592985203216175,0.0,0.0
2020-10-22,-0.008537344341881624,-0.008537344341881624,0.0,0.0
2020-10-23,0.0031859549037686176,0.0031859549037686176,0.0,0.0
2020-10-25,0.0,0.0,0.0,0.0
2020-10-26,-0.048824257272480846,-0.048824257272480846,0.0,0.0
2020-10-27,-0.0010582379601479347,-0.0010582379601479347,0.0,0.0
2020-10-28,-0.02911561582438832,-0.02911561582438832,0.0,0.0
2020-10-29,0.0,0.0,0.0,0.0
2020-10-30,-0.018611568133802638,-0.018611568133802638,0.0,0.0
2020-10-31,0.0,0.0,0.0,0.0
2020-10-31,0.0,-0.0006,0.3,20.0
2020-11-01,0.0,0.0,0.0,0.0
2020-11-02,0.021158460063266094,0.021158460063266094,0.0,0.0
2020-11-03,0.0019455037503428594,0.0019455037503428594,0.0,0.0
2020-11-04,0.02343912337190035,0.02343912337190035,0.0,0.0
2020-11-05,0.015318130864912929,0.015318130864912929,0.0,0.0
2020-11-06,0.02378470890269009,0.02378470890269009,0.0,0.0
2020-11-08,0.0,0.0,0.0,0.0
2020-11-09,0.002312372709027244,0.002312372709027244,0.0,0.0
2020-11-10,0.0009014239217912659,0.0009014239217912659,0.0,0.0
2020-11-11,0.0061747549872095304,0.0061747549872095304,0.0,0.0
2020-11-12,-0.007440264129019425,-0.007440264129019425,0.0,0.0
2020-11-13,0.02612433119196971,0.02612433119196971,0.0,0.0
2020-11-15,0.0,0.0,0.0,0.0
2020-11-16,-0.002084898232589538,-0.002084898232589538,0.0,0.0
2020-11-17,-0.02196452061494174,-0.02196452061494174,0.0,0.0
2020-11-18,0.007119322864594168,0.007119322864594168,0.0,0.0
2020-11-19,0.020706304483706407,0.020706304483706407,0.0,0.0
2020-11-20,0.03604631724601257,0.03604631724601257,0.0,0.0
2020-11-22,0.0,0.0,0.0,0.0
2020-11-23,-0.0011344150460651185,-0.0011344150460651185,0.0,0.0
2020-11-24,0.020723165520725995,0.020723165520725995,0.0,0.0
2020-11-25,-0.009502840202880801,-0.009502840202880801,0.0,0.0
2020-11-26,0.009526667793693145,0.009526667793693145,0.0,0.0
2020-11-27,-0.018497985414997344,-0.018497985414997344,0.0,0.0
2020-11-29,0.0,0.0,0.0,0.0
2020-11-30,-0.02373071361204715,-0.02373071361204715,0.0,0.0
2020-12-01,0.031098313866998063,0.031098313866998063,0.0,0.0
2020-12-01,0.0,-0.0002,0.1,20.0
2020-12-02,0.002777879850075127,0.002777879850075127,0.0,0.0
2020-12-03,-0.0036774209944173577,-0.0036774209944173577,0.0,0.0
2020-12-04,0.01338188311923182,0.01338188311923182,0.0,0.0
2020-12-06,0.0,0.0,0.0,0.0
2020-12-07,0.0073769436197742904,0.0073769436197742904,0.0,0.0
2020-12-08,0.005907469512349517,0.005907469512349517,0.0,0.0
2020-12-09,0.004031047908325946,0.004031047908325946,0.0,0.0
2020-12-10,0.004674327452593953,0.004674327452593953,0.0,0.0
2020-12-11,0.010620204211152675,0.010620204211152675,0.0,0.0
2020-12-13,0.0,0.0,0.0,0.0
2020-12-14,0.01023084834127801,0.01023084834127801,0.0,0.0
2020-12-15,0.013024228995349742,0.013024228995349742,0.0,0.0
2020-12-16,-0.0016873626500836575,-0.0016873626500836575,0.0,0.0
2020-12-17,0.010805437120065075,0.010805437120065075,0.0,0.0
2020-12-18,-0.002810976706597179,-0.002810976706597179,0.0,0.0
2020-12-20,0.0,0.0,0.0,0.0
2020-12-21,-0.003612660082413333,-0.003612660082413333,0.0,0.0
2020-12-22,0.008542402366498881,0.008542402366498881,0.0,0.0
2020-12-23,0.01864729445768061,0.01864729445768061,0.0,0.0
2020-12-24,0.03530385933771721,0.03530385933771721,0.0,0.0
2020-12-25,0.005268250006438869,0.005268250006438869,0.0,0.0
2020-12-27,0.0,0.0,0.0,0.0
2020-12-28,0.017159867711992727,0.017159867711992727,0.0,0.0
2020-12-29,0.00434152672999133,0.00434152672999133,0.0,0.0
2020-12-30,0.0078114711156158645,0.0078114711156158645,0.0,0.0
2020-12-31,0.0020601337388178598,0.0020601337388178598,0.0,0.0
2021-01-01,0.0,0.0,0.0,0.0
2021-01-01,0.0,-0.0004,0.2,20.0
2021-01-03,0.0,0.0,0.0,0.0
2021-01-04,0.04174364723743579,0.04174364723743579,0.0,0.0
2021-01-05,0.0018369010433913254,0.0018369010433913254,0.0,0.0
2021-01-06,0.0023034425690818703,0.0023034425690818703,0.0,0.0
2021-01-07,0.002523105408511573,0.002523105408511573,0.0,0.0
2021-01-08,0.012520793651186544,0.012520793651186544,0.0,0.0
2021-01-10,0.0,0.0,0.0,0.0
2021-01-11,0.017668934263252122,0.017668934263252122,0.0,0.0
2021-01-12,0.00607582853532499,0.00607582853532499,0.0,0.0
2021-01-13,-0.011912760445881354,-0.011912760445881354,0.0,0.0
2021-01-14,-0.016439624355624616,-0.016439624355624616,0.0,0.0
2021-01-15,0.0005282306558300645,0.0005282306558300645,0.0,0.0
2021-01-17,0.0,0.0,0.0,0.0
2021-01-18,0.0250711717450735,0.0250711717450735,0.0,0.0
2021-01-19,0.004070533344661998,0.004070533344661998,0.0,0.0
2021-01-20,-0.0009860600538894146,-0.0009860600538894146,0.0,0.0
2021-01-21,-0.0029051308642493506,-0.0029051308642493506,0.0,0.0
2021-01-22,-0.0048061202474076305,-0.0048061202474076305,0.0,0.0
2021-01-24,0.0,0.0,0.0,0.0
2021-01-25,0.01827832692992778,0.01827832692992778,0.0,0.0
2021-01-26,-0.009257357972448844,-0.009257357972448844,0.0,0.0
2021-01-27,-0.052909339005831,-0.052909339005831,0.0,0.0
2021-01-28,0.020877540014496467,0.020877540014496467,0.0,0.0
2021-01-29,-0.015731004695371677,-0.015731004695371677,0.0,0.0
2021-01-31,0.0,0.0,0.0,0.0
2021-01-31,0.0,-0.0020000000000000005,1.0000000000000002,20.0
2021-02-01,0.0,0.0,0.0,0.0
2021-02-01,0.0,-0.0020000000000000005,1.0000000000000002,20.0
2021-02-02,0.0030949295082574827,0.0030949295082574827,0.0,0.0
2021-02-03,0.015288652106879042,0.015288652106879042,0.0,0.0
2021-02-04,-0.0017049248640637503,-0.0017049248640637503,0.0,0.0
2021-02-05,0.001338154464636609,0.001338154464636609,0.0,0.0
2021-02-07,0.0,0.0,0.0,0.0
2021-02-08,0.007057067032721143,0.007057067032721143,0.0,0.0
2021-02-09,0.002703284828141861,0.002703284828141861,0.0,0.0
2021-02-10,0.006806145944971587,0.006806145944971587,0.0,0.0
2021-02-11,0.02266871910483217,0.02266871910483217,0.0,0.0
2021-02-12,0.005390880641795549,0.005390880641795549,0.0,0.0
2021-02-14,0.0,0.0,0.0,0.0
2021-02-15,0.036191066550668775,0.036191066550668775,0.0,0.0
2021-02-16,-0.005551234466218868,-0.005551234466218868,0.0,0.0
2021-02-17,-0.003836678414468076,-0.003836678414468076,0.0,0.0
2021-02-18,0.031263785381593384,0.031263785381593384,0.0,0.0
2021-02-19,-0.005248363994201611,-0.005248363994201611,0.0,0.0
2021-02-21,0.0,0.0,0.0,0.0
2021-02-22,-0.010063694072863338,-0.010063694072863338,0.0,0.0
2021-02-23,-0.04108941766837724,-0.04108941766837724,0.0,0.0
2021-02-24,-0.027128421048863732,-0.027128421048863732,0.0,0.0
2021-02-25,-0.014201850754919677,-0.014201850754919677,0.0,0.0
2021-02-26,-0.01105048767524548,-0.01105048767524548,0.0,0.0
2021-02-28,0.0,0.0,0.0,0.0
2021-02-28,0.0,-0.0020000000000000005,1.0000000000000002,20.0
2021-03-01,0.09949332105020736,0.09949332105020736,0.0,0.0
2021-03-01,0.0,-0.002,1.0,20.0
2021-03-02,-0.014140923012711448,-0.014140923012711448,0.0,0.0
2021-03-03,-0.006111965364160177,-0.006111965364160177,0.0,0.0
2021-03-04,-0.0018905232354905599,-0.0018905232354905599,0.0,0.0
2021-03-05,0.005362056458775855,0.005362056458775855,0.0,0.0
2021-03-07,0.0,0.0,0.0,0.0
2021-03-08,-0.005507401687833979,-0.005507401687833979,0.0,0.0
2021-03-09,-0.003850121205781231,-0.003850121205781231,0.0,0.0
2021-03-10,0.0025226809242683943,0.0025226809242683943,0.0,0.0
2021-03-11,-0.002724416678702834,-0.002724416678702834,0.0,0.0
2021-03-12,-0.004684115762562935,-0.004684115762562935,0.0,0.0
2021-03-14,0.0,0.0,0.0,0.0
2021-03-15,-0.00936829376318319,-0.00936829376318319,0.0,0.0
2021-03-16,0.024945451822798642,0.024945451822798642,0.0,0.0
2021-03-17,-0.016295336585263498,-0.016295336585263498,0.0,0.0
2021-03-18,-0.016867723351068065,-0.016867723351068065,0.0,0.0
2021-03-19,-0.01452626195735105,-0.01452626195735105,0.0,0.0
2021-03-21,0.0,0.0,0.0,0.0
2021-03-22,-0.09604789719009599,-0.09604789719009599,0.0,0.0
2021-03-23,0.0026586952977721737,0.0026586952977721737,0.0,0.0
2021-03-24,0.03573665848160772,0.03573665848160772,0.0,0.0
2021-03-25,-0.0003264406211465846,-0.0003264406211465846,0.0,0.0
2021-03-26,-0.008124282290314942,-0.008124282290314942,0.0,0.0
2021-03-28,0.0,0.0,0.0,0.0
2021-03-29,0.013079603201366119,0.013079603201366119,0.0,0.0
2021-03-30,-0.003893268847357788,-0.003893268847357788,0.0,0.0
2021-03-31,0.005873104418610977,0.005873104418610977,0.0,0.0
2021-04-01,0.020569743696905587,0.020569743696905587,0.0,0.0
2021-04-01,0.0,-0.0008,0.4,20.0
2021-04-02,0.024128518280772393,0.024128518280772393,0.0,0.0
2021-04-04,0.0,0.0,0.0,0.0
2021-04-05,0.012375797130972787,0.012375797130972787,0.0,0.0
2021-04-06,-0.019831516997762567,-0.019831516997762567,0.0,0.0
2021-04-07,-0.008344339277617276,-0.008344339277617276,0.0,0.0
2021-04-08,-0.0046872071288701755,-0.0046872071288701755,0.0,0.0
2021-04-09,-0.017607464834419096,-0.017607464834419096,0.0,0.0
2021-04-11,0.0,0.0,0.0,0.0
2021-04-12,-0.029429917888636626,-0.029429917888636626,0.0,0.0
2021-04-13,0.01232057796796674,0.01232057796796674,0.0,0.0
2021-04-14,0.023949618302737972,0.023949618302737972,0.0,0.0
2021-04-15,-0.01908871510378304,-0.01908871510378304,0.0,0.0
2021-04-16,0.010925911153770573,0.010925911153770573,0.0,0.0
2021-04-18,0.0,0.0,0.0,0.0
2021-04-19,-0.02302185546433966,-0.02302185546433966,0.0,0.0
2021-04-20,-0.01235503919203651,-0.01235503919203651,0.0,0.0
2021-04-21,-0.03760182428389711,-0.03760182428389711,0.0,0.0
2021-04-22,0.02019414612900651,0.02019414612900651,0.0,0.0
2021-04-23,0.0,0.0,0.0,0.0
2021-04-25,0.0,0.0,0.0,0.0
2021-04-26,0.027287511677794044,0.027287511677794044,0.0,0.0
2021-04-27,0.023032488345390845,0.023032488345390845,0.0,0.0
2021-04-28,-0.012818593479135621,-0.012818593479135621,0.0,0.0
2021-04-29,0.011869241449758296,0.011869241449758296,0.0,0.0
2021-04-30,0.0028897239939156714,0.0028897239939156714,0.0,0.0
2021-05-02,0.0,0.0,0.0,0.0
2021-05-02,0.0,-0.0004,0.2,20.0
2021-05-03,0.011232189330072318,0.011232189330072318,0.0,0.0
2021-05-04,4.407995895535678e-05,4.407995895535678e-05,0.0,0.0
2021-05-05,0.00458918404530626,0.00458918404530626,0.0,0.0
2021-05-06,0.010739955054984873,0.010739955054984873,0.0,0.0
2021-05-07,0.014222667494245712,0.014222667494245712,0.0,0.0
2021-05-09,0.0,0.0,0.0,0.0
2021-05-10,0.015974072236921898,0.015974072236921898,0.0,0.0
2021-05-11,-0.0016982578914106368,-0.0016982578914106368,0.0,0.0
2021-05-12,-0.005015541377730537,-0.005015541377730537,0.0,0.0
2021-05-13,0.0,0.0,0.0,0.0
2021-05-14,0.0,0.0,0.0,0.0
2021-05-16,0.0,0.0,0.0,0.0
2021-05-17,0.011841728627426475,0.011841728627426475,0.0,0.0
2021-05-18,0.00866802426705623,0.00866802426705623,0.0,0.0
2021-05-19,0.0,0.0,0.0,0.0
2021-05-20,8.87408125453985e-06,8.87408125453985e-06,0.0,0.0
2021-05-21,-0.006790355007986826,-0.006790355007986826,0.0,0.0
2021-05-23,0.0,0.0,0.0,0.0
2021-05-24,0.002477560336893281,0.002477560336893281,0.0,0.0
2021-05-25,-0.04678291430776055,-0.04678291430776055,0.0,0.0
2021-05-26,0.010673858920887682,0.010673858920887682,0.0,0.0
2021-05-27,-0.004153736744872605,-0.004153736744872605,0.0,0.0
2021-05-28,-0.011329873499839105,-0.011329873499839105,0.0,0.0
2021-05-30,0.0,0.0,0.0,0.0
2021-05-31,-0.0016683187668188769,-0.0016683187668188769,0.0,0.0
2021-06-01,-2.406750197317918e-05,-2.406750197317918e-05,0.0,0.0
2021-06-01,0.0,-0.0006,0.3,20.0
2021-06-02,0.00632105505382371,0.00632105505382371,0.0,0.0
2021-06-03,-0.004683828936729961,-0.004683828936729961,0.0,0.0
2021-06-04,0.014129523864955997,0.014129523864955997,0.0,0.0
2021-06-06,0.0,0.0,0.0,0.0
2021-06-07,0.005642194296017155,0.005642194296017155,0.0,0.0
2021-06-08,-0.004369776514699664,-0.004369776514699664,0.0,0.0
2021-06-09,0.0013336401685659196,0.0013336401685659196,0.0,0.0
2021-06-10,0.006099027787878951,0.006099027787878951,0.0,0.0
2021-06-11,-0.007929754437815906,-0.007929754437815906,0.0,0.0
2021-06-13,0.0,0.0,0.0,0.0
2021-06-14,-0.01431834876399163,-0.01431834876399163,0.0,0.0
2021-06-15,-0.008197178436078423,-0.008197178436078423,0.0,0.0
2021-06-16,-0.006006807177773377,-0.006006807177773377,0.0,0.0
2021-06-17,-0.008507839312201426,-0.008507839312201426,0.0,0.0
2021-06-18,-0.0200877456609055,-0.0200877456609055,0.0,0.0
2021-06-20,0.0,0.0,0.0,0.0
2021-06-21,0.0015845289834811815,0.0015845289834811815,0.0,0.0
2021-06-22,0.01321462143444865,0.01321462143444865,0.0,0.0
2021-06-23,0.0007846107247629912,0.0007846107247629912,0.0,0.0
2021-06-24,0.0026826317123501476,0.0026826317123501476,0.0,0.0
2021-06-25,-0.006125436157689712,-0.006125436157689712,0.0,0.0
2021-06-27,0.0,0.0,0.0,0.0
2021-06-28,-0.019962894283694757,-0.019962894283694757,0.0,0.0
2021-06-29,-0.002241102636620884,-0.002241102636620884,0.0,0.0
2021-06-30,-0.01028801991148356,-0.01028801991148356,0.0,0.0
2021-07-01,0.01228235455865071,0.01228235455865071,0.0,0.0
2021-07-01,0.0,-0.0008,0.4,20.0
2021-07-02,-0.0022301670672017822,-0.0022301670672017822,0.0,0.0
2021-07-04,0.0,0.0,0.0,0.0
2021-07-05,0.005066213758237548,0.005066213758237548,0.0,0.0
2021-07-06,-0.002888537552234405,-0.002888537552234405,0.0,0.0
2021-07-07,-0.0074849341775721345,-0.0074849341775721345,0.0,0.0
2021-07-08,-0.011337188724895165,-0.011337188724895165,0.0,0.0
2021-07-09,0.0049229865993151945,0.0049229865993151945,0.0,0.0
2021-07-11,0.0,0.0,0.0,0.0
2021-07-12,-0.022366837816379694,-0.022366837816379694,0.0,0.0
2021-07-13,-0.011802707094058774,-0.011802707094058774,0.0,0.0
2021-07-14,0.02133747417473084,0.02133747417473084,0.0,0.0
2021-07-15,0.0,0.0,0.0,0.0
2021-07-16,0.0010804101745552244,0.0010804101745552244,0.0,0.0
2021-07-18,0.0,0.0,0.0,0.0
2021-07-19,-0.008086870667470526,-0.008086870667470526,0.0,0.0
2021-07-20,0.0,0.0,0.0,0.0
2021-07-21,0.0,0.0,0.0,0.0
2021-07-22,0.0,0.0,0.0,0.0
2021-07-23,0.0,0.0,0.0,0.0
2021-07-25,0.0,0.0,0.0,0.0
2021-07-26,0.00713988476692169,0.00713988476692169,0.0,0.0
2021-07-27,0.006781945079928898,0.006781945079928898,0.0,0.0
2021-07-28,0.004660693360536661,0.004660693360536661,0.0,0.0
2021-07-29,0.018977685337971652,0.018977685337971652,0.0,0.0
2021-07-30,-0.0022265242405137054,-0.0022265242405137054,0.0,0.0
2021-07-31,0.0,0.0,0.0,0.0
2021-07-31,0.0,-0.0006,0.3,20.0
2021-08-01,0.0,0.0,0.0,0.0
2021-08-02,0.010273941583715682,0.010273941583715682,0.0,0.0
2021-08-03,0.01809959416390499,0.01809959416390499,0.0,0.0
2021-08-04,0.010692907072544663,0.010692907072544663,0.0,0.0
2021-08-05,0.010415458504501639,0.010415458504501639,0.0,0.0
2021-08-06,-0.004299673106683775,-0.004299673106683775,0.0,0.0
2021-08-08,0.0,0.0,0.0,0.0
2021-08-09,-0.0018512873107449197,-0.0018512873107449197,0.0,0.0
2021-08-10,-0.002042342634021555,-0.002042342634021555,0.0,0.0
2021-08-11,-0.01837988667610417,-0.01837988667610417,0.0,0.0
2021-08-12,0.018483517082766673,0.018483517082766673,0.0,0.0
2021-08-13,0.008395730706722204,0.008395730706722204,0.0,0.0
2021-08-15,0.0,0.0,0.0,0.0
2021-08-16,0.004808493813492364,0.004808493813492364,0.0,0.0
2021-08-17,0.006385755196422359,0.006385755196422359,0.0,0.0
2021-08-18,-0.011842503333707007,-0.011842503333707007,0.0,0.0
2021-08-19,0.0007285685397048437,0.0007285685397048437,0.0,0.0
2021-08-20,0.01006693061856062,0.01006693061856062,0.0,0.0
2021-08-22,0.0,0.0,0.0,0.0
2021-08-23,0.004447560088439882,0.004447560088439882,0.0,0.0
2021-08-24,-0.0064154360523034784,-0.0064154360523034784,0.0,0.0
2021-08-25,-0.006553938129849001,-0.006553938129849001,0.0,0.0
2021-08-26,-0.00348115959457752,-0.00348115959457752,0.0,0.0
2021-08-27,0.023399479565998034,0.023399479565998034,0.0,0.0
2021-08-29,0.0,0.0,0.0,0.0
2021-08-30,0.0,0.0,0.0,0.0
2021-08-31,0.017393595991857788,0.017393595991857788,0.0,0.0
2021-09-01,0.007185254622556158,0.007185254622556158,0.0,0.0
2021-09-01,0.0,-0.0004,0.2,20.0
2021-09-02,0.0010399141484513704,0.0010399141484513704,0.0,0.0
2021-09-03,-0.0015913631583884807,-0.0015913631583884807,0.0,0.0
2021-09-05,0.0,0.0,0.0,0.0
2021-09-06,0.007766010633427165,0.007766010633427165,0.0,0.0
2021-09-07,-0.021249339035228527,-0.021249339035228527,0.0,0.0
2021-09-08,-0.006374618961080245,-0.006374618961080245,0.0,0.0
2021-09-09,0.0197047904855292,0.0197047904855292,0.0,0.0
2021-09-10,2.6811206248489056e-05,2.6811206248489056e-05,0.0,0.0
2021-09-12,0.0,0.0,0.0,0.0
2021-09-13,0.007606343752956667,0.007606343752956667,0.0,0.0
2021-09-14,0.006653124114047047,0.006653124114047047,0.0,0.0
2021-09-15,-0.002078276128629186,-0.002078276128629186,0.0,0.0
2021-09-16,-0.015299161039376882,-0.015299161039376882,0.0,0.0
2021-09-17,0.005702181903201164,0.005702181903201164,0.0,0.0
2021-09-19,0.0,0.0,0.0,0.0
2021-09-20,-0.021135960783372126,-0.021135960783372126,0.0,0.0
2021-09-21,-0.009822393172356845,-0.009822393172356845,0.0,0.0
2021-09-22,0.015970283235559553,0.015970283235559553,0.0,0.0
2021-09-23,0.005014714833299494,0.005014714833299494,0.0,0.0
2021-09-24,-0.01823855132499441,-0.01823855132499441,0.0,0.0
2021-09-26,0.0,0.0,0.0,0.0
2021-09-27,0.012383648073412,0.012383648073412,0.0,0.0
2021-09-28,0.0014515801491083442,0.0014515801491083442,0.0,0.0
2021-09-29,-0.0027696804103184086,-0.0027696804103184086,0.0,0.0
2021-09-30,0.016609020639706547,0.016609020639706547,0.0,0.0
2021-10-01,0.0037384299709751533,0.0037384299709751533,0.0,0.0
2021-10-01,0.0,-0.0007999999999999999,0.39999999999999997,20.0
2021-10-03,0.0,0.0,0.0,0.0
2021-10-04,-0.006640526768134027,-0.006640526768134027,0.0,0.0
2021-10-05,-0.010529524382771549,-0.010529524382771549,0.0,0.0
2021-10-06,-0.012326641419025973,-0.012326641419025973,0.0,0.0
2021-10-07,0.021674198154478574,0.021674198154478574,0.0,0.0
2021-10-08,-0.0020755724407466765,-0.0020755724407466765,0.0,0.0
2021-10-10,0.0,0.0,0.0,0.0
2021-10-11,0.007037919233353429,0.007037919233353429,0.0,0.0
2021-10-12,0.006558714937680343,0.006558714937680343,0.0,0.0
2021-10-13,0.0011282456720020486,0.0011282456720020486,0.0,0.0
2021-10-14,0.00311639184155933,0.00311639184155933,0.0,0.0
2021-10-15,0.004316312377167054,0.004316312377167054,0.0,0.0
2021-10-17,0.0,0.0,0.0,0.0
2021-10-18,0.013347525290814136,0.013347525290814136,0.0,0.0
2021-10-19,0.00117572088523894,0.00117572088523894,0.0,0.0
2021-10-20,-0.009770185842882096,-0.009770185842882096,0.0,0.0
2021-10-21,0.022081105412586365,0.022081105412586365,0.0,0.0
2021-10-22,0.021997309418772718,0.021997309418772718,0.0,0.0
2021-10-24,0.0,0.0,0.0,0.0
2021-10-25,0.016701239709407966,0.016701239709407966,0.0,0.0
2021-10-26,0.00633328149373017,0.00633328149373017,0.0,0.0
2021-10-27,-0.0006593944832872685,-0.0006593944832872685,0.0,0.0
2021-10-28,0.008758974043005198,0.008758974043005198,0.0,0.0
2021-10-29,0.0,0.0,0.0,0.0
2021-10-31,0.0,0.0,0.0,0.0
2021-11-01,-0.007243622812658523,-0.007243622812658523,0.0,0.0
2021-11-01,0.0,-0.0002,0.1,20.0
2021-11-02,-0.0231258758946732,-0.0231258758946732,0.0,0.0
2021-11-03,-0.005928896331725386,-0.005928896331725386,0.0,0.0
2021-11-04,0.018154675289160448,0.018154675289160448,0.0,0.0
2021-11-05,0.0071053444866443945,0.0071053444866443945,0.0,0.0
2021-11-07,0.0,0.0,0.0,0.0
2021-11-08,0.021658826106940345,0.021658826106940345,0.0,0.0
2021-11-09,0.006583885702216864,0.006583885702216864,0.0,0.0
2021-11-10,0.015549133993780861,0.015549133993780861,0.0,0.0
2021-11-11,0.017739182081930496,0.017739182081930496,0.0,0.0
2021-11-12,0.01703305183680238,0.01703305183680238,0.0,0.0
2021-11-14,0.0,0.0,0.0,0.0
2021-11-15,0.029616005619653985,0.029616005619653985,0.0,0.0
2021-11-16,-0.013709445751659333,-0.013709445751659333,0.0,0.0
2021-11-17,0.012457361604579532,0.012457361604579532,0.0,0.0
2021-11-18,0.014758259621126925,0.014758259621126925,0.0,0.0
2021-11-19,0.003032432541679364,0.003032432541679364,0.0,0.0
2021-11-21,0.0,0.0,0.0,0.0
2021-11-22,0.015419801991986061,0.015419801991986061,0.0,0.0
2021-11-23,0.03378263879895219,0.03378263879895219,0.0,0.0
2021-11-24,0.00653989032101664,0.00653989032101664,0.0,0.0
2021-11-25,0.014948616195491048,0.014948616195491048,0.0,0.0
2021-11-26,-0.0113794962900716,-0.0113794962900716,0.0,0.0
2021-11-28,0.0,0.0,0.0,0.0
2021-11-29,0.01242731843168512,0.01242731843168512,0.0,0.0
2021-11-30,0.023721201117833494,0.023721201117833494,0.0,0.0
2021-12-01,0.017732158011509003,0.017732158011509003,0.0,0.0
2021-12-01,0.0,-0.0004,0.2,20.0
2021-12-02,0.009619339638769138,0.009619339638769138,0.0,0.0
2021-12-03,0.02853235318544029,0.02853235318544029,0.0,0.0
2021-12-05,0.0,0.0,0.0,0.0
2021-12-06,0.0009195817553127927,0.0009195817553127927,0.0,0.0
2021-12-07,0.03152112004294982,0.03152112004294982,0.0,0.0
2021-12-08,0.0012038150993740056,0.0012038150993740056,0.0,0.0
2021-12-09,0.011890592889264272,0.011890592889264272,0.0,0.0
2021-12-10,0.0004950376108849182,0.0004950376108849182,0.0,0.0
2021-12-12,0.0,0.0,0.0,0.0
2021-12-13,0.03304121098243515,0.03304121098243515,0.0,0.0
2021-12-14,0.007891636845295522,0.007891636845295522,0.0,0.0
2021-12-15,-0.013070881896895524,-0.013070881896895524,0.0,0.0
2021-12-16,0.044049408574672336,0.044049408574672336,0.0,0.0
2021-12-17,-0.0771445238391096,-0.0771445238391096,0.0,0.0
2021-12-19,0.0,0.0,0.0,0.0
2021-12-20,-0.026504441409910175,-0.026504441409910175,0.0,0.0
2021-12-21,-0.055225969109624705,-0.055225969109624705,0.0,0.0
2021-12-22,-0.045358872743268025,-0.045358872743268025,0.0,0.0
2021-12-23,-0.0036177239631388844,-0.0036177239631388844,0.0,0.0
2021-12-24,0.048982255841448274,0.048982255841448274,0.0,0.0
2021-12-26,0.0,0.0,0.0,0.0
2021-12-27,0.0035080548289046706,0.0035080548289046706,0.0,0.0
2021-12-28,-0.012962805564890476,-0.012962805564890476,0.0,0.0
2021-12-29,0.006590628079740722,0.006590628079740722,0.0,0.0
2021-12-30,-0.009575943342622881,-0.009575943342622881,0.0,0.0
2021-12-31,0.019490993967256724,0.019490993967256724,0.0,0.0
2022-01-02,0.0,0.0,0.0,0.0
2022-01-02,0.0,-0.0004,0.2,20.0
2022-01-03,0.031985999466785646,0.031985999466785646,0.0,0.0
2022-01-04,0.006528545363702528,0.006528545363702528,0.0,0.0
2022-01-05,0.017803326783105058,0.017803326783105058,0.0,0.0
2022-01-06,-0.008735261828095895,-0.008735261828095895,0.0,0.0
2022-01-07,0.006192848604402865,0.006192848604402865,0.0,0.0
2022-01-09,0.0,0.0,0.0,0.0
2022-01-10,0.008336677313799865,0.008336677313799865,0.0,0.0
2022-01-11,-0.0012722469391210146,-0.0012722469391210146,0.0,0.0
2022-01-12,0.017307911301113352,0.017307911301113352,0.0,0.0
2022-01-13,-0.0009129365906782709,-0.0009129365906782709,0.0,0.0
2022-01-14,0.023793429581334714,0.023793429581334714,0.0,0.0
2022-01-16,0.0,0.0,0.0,0.0
2022-01-17,0.014841942778726554,0.014841942778726554,0.0,0.0
2022-01-18,-0.05150479355803154,-0.05150479355803154,0.0,0.0
2022-01-19,0.022578844157824317,0.022578844157824317,0.0,0.0
2022-01-20,-0.019920656732840034,-0.019920656732840034,0.0,0.0
2022-01-21,0.008084754032683127,0.008084754032683127,0.0,0.0
2022-01-23,0.0,0.0,0.0,0.0
2022-01-24,-0.046910080118463,-0.046910080118463,0.0,0.0
2022-01-25,0.02252974794407843,0.02252974794407843,0.0,0.0
2022-01-26,0.003939144797851556,0.003939144797851556,0.0,0.0
2022-01-27,0.015510694606913109,0.015510694606913109,0.0,0.0
2022-01-28,0.00126573804443677,0.00126573804443677,0.0,0.0
2022-01-30,0.0,0.0,0.0,0.0
2022-01-31,0.0037601583511693943,0.0037601583511693943,0.0,0.0
2022-02-01,0.014304540979665633,0.014304540979665633,0.0,0.0
2022-02-01,0.0,-0.0002,0.1,20.0
2022-02-02,-0.0196205226637559,-0.0196205226637559,0.0,0.0
2022-02-03,-0.02026704340526164,-0.02026704340526164,0.0,0.0
2022-02-04,-0.001682766094079757,-0.001682766094079757,0.0,0.0
2022-02-06,0.0,0.0,0.0,0.0
2022-02-07,0.02281948718103783,0.02281948718103783,0.0,0.0
2022-02-08,-0.007303512598427184,-0.007303512598427184,0.0,0.0
2022-02-09,0.019619493575862075,0.019619493575862075,0.0,0.0
2022-02-10,-0.008287144619697871,-0.008287144619697871,0.0,0.0
2022-02-11,-0.003638959759935622,-0.003638959759935622,0.0,0.0
2022-02-13,0.0,0.0,0.0,0.0
2022-02-14,-0.023246864462227596,-0.023246864462227596,0.0,0.0
2022-02-15,0.01631868747514511,0.01631868747514511,0.0,0.0
2022-02-16,0.0027675747821273564,0.0027675747821273564,0.0,0.0
2022-02-17,-0.005410098639754367,-0.005410098639754367,0.0,0.0
2022-02-18,0.014037701923782541,0.014037701923782541,0.0,0.0
2022-02-20,0.0,0.0,0.0,0.0
2022-02-21,0.0006579210624996891,0.0006579210624996891,0.0,0.0
2022-02-22,-0.018518220889274878,-0.018518220889274878,0.0,0.0
2022-02-23,0.011476393439424559,0.011476393439424559,0.0,0.0
2022-02-24,-0.09398463913214289,-0.09398463913214289,0.0,0.0
2022-02-25,0.04669040831567049,0.04669040831567049,0.0,0.0
2022-02-27,0.0,0.0,0.0,0.0
2022-02-28,-0.01103693945149143,-0.01103693945149143,0.0,0.0
2022-03-01,0.016176239623753384,0.016176239623753384,0.0,0.0
2022-03-01,0.0,-0.0006,0.3,20.0
2022-03-02,0.0004538506549917168,0.0004538506549917168,0.0,0.0
2022-03-03,0.04495808755476206,0.04495808755476206,0.0,0.0
2022-03-04,-0.006796026548716872,-0.006796026548716872,0.0,0.0
2022-03-06,0.0,0.0,0.0,0.0
2022-03-07,0.014789281184001912,0.014789281184001912,0.0,0.0
2022-03-08,0.03612300393935179,0.03612300393935179,0.0,0.0
2022-03-09,0.002001079539663564,0.002001079539663564,0.0,0.0
2022-03-10,0.015365786984683664,0.015365786984683664,0.0,0.0
2022-03-11,-0.005888957117815041,-0.005888957117815041,0.0,0.0
2022-03-13,0.0,0.0,0.0,0.0
2022-03-14,0.006619190755356486,0.006619190755356486,0.0,0.0
2022-03-15,-0.00861640653983834,-0.00861640653983834,0.0,0.0
2022-03-16,0.00870035982140608,0.00870035982140608,0.0,0.0
2022-03-17,0.02124759827122196,0.02124759827122196,0.0,0.0
2022-03-18,0.004593607167920922,0.004593607167920922,0.0,0.0
2022-03-20,0.0,0.0,0.0,0.0
2022-03-21,0.014357627041734003,0.014357627041734003,0.0,0.0
2022-03-22,0.03127512845451131,0.03127512845451131,0.0,0.0
2022-03-23,0.003134161141048309,0.003134161141048309,0.0,0.0
2022-03-24,-0.00043482156922249873,-0.00043482156922249873,0.0,0.0
2022-03-25,-0.004571746807525613,-0.004571746807525613,0.0,0.0
2022-03-27,0.0,0.0,0.0,0.0
2022-03-28,-0.001031205993914598,-0.001031205993914598,0.0,0.0
2022-03-29,-0.004517703527468464,-0.004517703527468464,0.0,0.0
2022-03-30,0.0013804877476081055,0.0013804877476081055,0.0,0.0
2022-03-31,0.017346971108636762,0.017346971108636762,0.0,0.0
2022-04-01,0.008883844499883144,0.008883844499883144,0.0,0.0
2022-04-01,0.0,-0.0006,0.3,20.0
2022-04-03,0.0,0.0,0.0,0.0
2022-04-04,0.041500488398162984,0.041500488398162984,0.0,0.0
2022-04-05,0.008231856719078,0.008231856719078,0.0,0.0
2022-04-06,0.0054833188508903626,0.0054833188508903626,0.0,0.0
2022-04-07,-0.00504689369943435,-0.00504689369943435,0.0,0.0
2022-04-08,-0.0007478656635598654,-0.0007478656635598654,0.0,0.0
2022-04-10,0.0,0.0,0.0,0.0
2022-04-11,0.009377685805495039,0.009377685805495039,0.0,0.0
2022-04-12,0.010439573818367597,0.010439573818367597,0.0,0.0
2022-04-13,0.018047624293229023,0.018047624293229023,0.0,0.0
2022-04-14,0.005336455921580407,0.005336455921580407,0.0,0.0
2022-04-15,0.011972196854127024,0.011972196854127024,0.0,0.0
2022-04-17,0.0,0.0,0.0,0.0
2022-04-18,0.02605326388609572,0.02605326388609572,0.0,0.0
2022-04-19,-0.0018940056869744862,-0.0018940056869744862,0.0,0.0
2022-04-20,0.0044535882046178085,0.0044535882046178085,0.0,0.0
2022-04-21,0.0006847904032659221,0.0006847904032659221,0.0,0.0
2022-04-22,-0.04540082523794423,-0.04540082523794423,0.0,0.0
2022-04-24,0.0,0.0,0.0,0.0
2022-04-25,-0.004036830464312734,-0.004036830464312734,0.0,0.0
2022-04-26,-0.02453048239274684,-0.02453048239274684,0.0,0.0
2022-04-27,0.008347421479412018,0.008347421479412018,0.0,0.0
2022-04-28,-0.004053601500745307,-0.004053601500745307,0.0,0.0
2022-04-29,0.005683989151918266,0.005683989151918266,0.0,0.0
2022-04-30,0.0,0.0,0.0,0.0
2022-04-30,0.0,-0.0007999999999999999,0.39999999999999997,20.0
2022-05-01,0.0,0.0,0.0,0.0
2022-05-02,0.0,0.0,0.0,0.0
2022-05-03,0.0,0.0,0.0,0.0
2022-05-04,0.0,0.0,0.0,0.0
2022-05-05,0.018347164045915267,0.018347164045915267,0.0,0.0
2022-05-06,0.01345815664311527,0.01345815664311527,0.0,0.0
2022-05-08,0.0,0.0,0.0,0.0
2022-05-09,0.00541820963234233,0.00541820963234233,0.0,0.0
2022-05-10,0.0004574744967085313,0.0004574744967085313,0.0,0.0
2022-05-11,-0.013538573177985281,-0.013538573177985281,0.0,0.0
2022-05-12,-0.03140402061057162,-0.03140402061057162,0.0,0.0
2022-05-13,0.023811397085415686,0.023811397085415686,0.0,0.0
2022-05-15,0.0,0.0,0.0,0.0
2022-05-16,0.006548084642022357,0.006548084642022357,0.0,0.0
2022-05-17,-0.0027485618688556134,-0.0027485618688556134,0.0,0.0
2022-05-18,-0.002877618536918647,-0.002877618536918647,0.0,0.0
2022-05-19,0.0,0.0,0.0,0.0
2022-05-20,-0.0056821909523029675,-0.0056821909523029675,0.0,0.0
2022-05-22,0.0,0.0,0.0,0.0
2022-05-23,-0.016035647661954224,-0.016035647661954224,0.0,0.0
2022-05-24,0.0067429158526184476,0.0067429158526184476,0.0,0.0
2022-05-25,0.008783122549984602,0.008783122549984602,0.0,0.0
2022-05-26,0.020983877899243376,0.020983877899243376,0.0,0.0
2022-05-27,-0.005044636685133952,-0.005044636685133952,0.0,0.0
2022-05-29,0.0,0.0,0.0,0.0
2022-05-30,0.028053140610456585,0.028053140610456585,0.0,0.0
2022-05-31,0.009656393576145516,0.009656393576145516,0.0,0.0
2022-06-01,0.01818161747792013,0.01818161747792013,0.0,0.0
2022-06-01,0.0,-0.0004,0.2,20.0
2022-06-02,0.010630872321559334,0.010630872321559334,0.0,0.0
2022-06-03,-0.008635593663149399,-0.008635593663149399,0.0,0.0
2022-06-05,0.0,0.0,0.0,0.0
2022-06-06,0.00978585096352955,0.00978585096352955,0.0,0.0
2022-06-07,0.00013748181121138198,0.00013748181121138198,0.0,0.0
2022-06-08,-0.04598788977875101,-0.04598788977875101,0.0,0.0
2022-06-09,0.006572369346735439,0.006572369346735439,0.0,0.0
2022-06-10,-0.021901411016363934,-0.021901411016363934,0.0,0.0
2022-06-12,0.0,0.0,0.0,0.0
2022-06-13,-0.019229064373851162,-0.019229064373851162,0.0,0.0
2022-06-14,0.006725384820095758,0.006725384820095758,0.0,0.0
2022-06-15,0.006648365154139045,0.006648365154139045,0.0,0.0
2022-06-16,-0.015486607270794947,-0.015486607270794947,0.0,0.0
2022-06-17,0.022835959504896038,0.022835959504896038,0.0,0.0
2022-06-19,0.0,0.0,0.0,0.0
2022-06-20,3.3415155295302406e-05,3.3415155295302406e-05,0.0,0.0
2022-06-21,0.018580055095510636,0.018580055095510636,0.0,0.0
2022-06-22,-0.005044274929038627,-0.005044274929038627,0.0,0.0
2022-06-23,-0.009180295141320526,-0.009180295141320526,0.0,0.0
2022-06-24,0.016075268225610093,0.016075268225610093,0.0,0.0
2022-06-26,0.0,0.0,0.0,0.0
2022-06-27,-0.015788863290080196,-0.015788863290080196,0.0,0.0
2022-06-28,-0.00844474904820469,-0.00844474904820469,0.0,0.0
2022-06-29,-0.022100245836126315,-0.022100245836126315,0.0,0.0
2022-06-30,-0.007850835668693334,-0.007850835668693334,0.0,0.0
2022-07-01,0.0,-0.0008,0.4,20.0
2022-07-01,0.03179270817787258,0.03179270817787258,0.0,0.0
2022-07-03,0.0,0.0,0.0,0.0
2022-07-04,-0.00044130492054197316,-0.00044130492054197316,0.0,0.0
2022-07-05,-0.010774027836879347,-0.010774027836879347,0.0,0.0
2022-07-06,0.0014446151784739845,0.0014446151784739845,0.0,0.0
2022-07-07,0.008377859711892097,0.008377859711892097,0.0,0.0
2022-07-08,0.011690286614835064,0.011690286614835064,0.0,0.0
2022-07-10,0.0,0.0,0.0,0.0
2022-07-11,0.0,0.0,0.0,0.0
2022-07-12,0.0,0.0,0.0,0.0
2022-07-13,0.010727639445858767,0.010727639445858767,0.0,0.0
2022-07-14,0.004647030892053738,0.004647030892053738,0.0,0.0
2022-07-15,0.0,0.0,0.0,0.0
2022-07-17,0.0,0.0,0.0,0.0
2022-07-18,0.011846394209727702,0.011846394209727702,0.0,0.0
2022-07-19,0.01427159356339882,0.01427159356339882,0.0,0.0
2022-07-20,0.002838699356394791,0.002838699356394791,0.0,0.0
2022-07-21,0.006208662539112729,0.006208662539112729,0.0,0.0
2022-07-22,0.0013852524190369865,0.0013852524190369865,0.0,0.0
2022-07-24,0.0,0.0,0.0,0.0
2022-07-25,0.009810697872260628,0.009810697872260628,0.0,0.0
2022-07-26,-0.003140850252619165,-0.003140850252619165,0.0,0.0
2022-07-27,0.003534658442301197,0.003534658442301197,0.0,0.0
2022-07-28,0.0015180933947213993,0.0015180933947213993,0.0,0.0
2022-07-29,0.007560390111242275,0.007560390111242275,0.0,0.0
2022-07-31,0.0,0.0,0.0,0.0
2022-08-01,0.03182006457073156,0.03182006457073156,0.0,0.0
2022-08-01,0.0,-0.0008,0.4,20.0
2022-08-02,0.0019368356522388558,0.0019368356522388558,0.0,0.0
2022-08-03,0.0044382974287895055,0.0044382974287895055,0.0,0.0
2022-08-04,0.018749299570460978,0.018749299570460978,0.0,0.0
2022-08-05,0.0036776013558184615,0.0036776013558184615,0.0,0.0
2022-08-07,0.0,0.0,0.0,0.0
2022-08-08,0.018989856261354056,0.018989856261354056,0.0,0.0
2022-08-09,-0.005892272733838688,-0.005892272733838688,0.0,0.0
2022-08-10,-0.027734419487311347,-0.027734419487311347,0.0,0.0
2022-08-11,-0.00494632950519487,-0.00494632950519487,0.0,0.0
2022-08-12,-0.006797202495776256,-0.006797202495776256,0.0,0.0
2022-08-14,0.0,0.0,0.0,0.0
2022-08-15,-0.009814176633872273,-0.009814176633872273,0.0,0.0
2022-08-16,0.003914778571751599,0.003914778571751599,0.0,0.0
2022-08-17,0.00964893967142806,0.00964893967142806,0.0,0.0
2022-08-18,0.016779504242339583,0.016779504242339583,0.0,0.0
2022-08-19,0.011104006012263842,0.011104006012263842,0.0,0.0
2022-08-21,0.0,0.0,0.0,0.0
2022-08-22,0.011391178914278911,0.011391178914278911,0.0,0.0
2022-08-23,0.004956716479990031,0.004956716479990031,0.0,0.0
2022-08-24,0.00035438591539748137,0.00035438591539748137,0.0,0.0
2022-08-25,0.007522685906348804,0.007522685906348804,0.0,0.0
2022-08-26,0.0012091600242933878,0.0012091600242933878,0.0,0.0
2022-08-28,0.0,0.0,0.0,0.0
2022-08-29,-0.0015946619890845446,-0.0015946619890845446,0.0,0.0
2022-08-30,0.0,0.0,0.0,0.0
2022-08-31,0.005223933051051933,0.005223933051051933,0.0,0.0
2022-09-01,-0.009847135483468418,-0.009847135483468418,0.0,0.0
2022-09-01,0.0,-0.0006,0.3,20.0
2022-09-02,0.023659270882031132,0.023659270882031132,0.0,0.0
2022-09-04,0.0,0.0,0.0,0.0
2022-09-05,0.03268554133414178,0.03268554133414178,0.0,0.0
2022-09-06,-0.009055562155275674,-0.009055562155275674,0.0,0.0
2022-09-07,0.006494211604359179,0.006494211604359179,0.0,0.0
2022-09-08,0.010721980573759733,0.010721980573759733,0.0,0.0
2022-09-09,0.006818508707985781,0.006818508707985781,0.0,0.0
2022-09-11,0.0,0.0,0.0,0.0
2022-09-12,0.03551750991552562,0.03551750991552562,0.0,0.0
2022-09-13,-0.04470102338067877,-0.04470102338067877,0.0,0.0
2022-09-14,0.02181893265804619,0.02181893265804619,0.0,0.0
2022-09-15,-0.0018835715100651408,-0.0018835715100651408,0.0,0.0
2022-09-16,0.011753318261707855,0.011753318261707855,0.0,0.0
2022-09-18,0.0,0.0,0.0,0.0
2022-09-19,-0.032222371960291554,-0.032222371960291554,0.0,0.0
2022-09-20,0.00907547104452556,0.00907547104452556,0.0,0.0
2022-09-21,0.0032840883554217082,0.0032840883554217082,0.0,0.0
2022-09-22,0.009551519798100991,0.009551519798100991,0.0,0.0
2022-09-23,0.007705833902961033,0.007705833902961033,0.0,0.0
2022-09-25,0.0,0.0,0.0,0.0
2022-09-26,-0.0019596220259608488,-0.0019596220259608488,0.0,0.0
2022-09-27,-0.00880153529280777,-0.00880153529280777,0.0,0.0
2022-09-28,-0.007053160714487781,-0.007053160714487781,0.0,0.0
2022-09-29,-0.013031517122908329,-0.013031517122908329,0.0,0.0
2022-09-30,0.01814855528505926,0.01814855528505926,0.0,0.0
2022-10-02,0.0,0.0,0.0,0.0
2022-10-02,0.0,-0.0007999999999999999,0.39999999999999997,20.0
2022-10-03,0.04349159290590001,0.04349159290590001,0.0,0.0
2022-10-04,0.03848905335525996,0.03848905335525996,0.0,0.0
2022-10-05,0.012688667080857342,0.012688667080857342,0.0,0.0
2022-10-06,0.01879324213100153,0.01879324213100153,0.0,0.0
2022-10-07,0.0041492544047408665,0.0041492544047408665,0.0,0.0
2022-10-09,0.0,0.0,0.0,0.0
2022-10-10,-0.004702843110814869,-0.004702843110814869,0.0,0.0
2022-10-11,-0.011603629913455406,-0.011603629913455406,0.0,0.0
2022-10-12,-0.011883184566528482,-0.011883184566528482,0.0,0.0
2022-10-13,0.006883803189447358,0.006883803189447358,0.0,0.0
2022-10-14,0.01674554632498404,0.01674554632498404,0.0,0.0
2022-10-16,0.0,0.0,0.0,0.0
2022-10-17,0.0397184307328369,0.0397184307328369,0.0,0.0
2022-10-18,-0.011617945576194867,-0.011617945576194867,0.0,0.0
2022-10-19,-0.008243024856944082,-0.008243024856944082,0.0,0.0
2022-10-20,-0.0026727712008070784,-0.0026727712008070784,0.0,0.0
2022-10-21,0.021004390831473777,0.021004390831473777,0.0,0.0
2022-10-23,0.0,0.0,0.0,0.0
2022-10-24,0.030231783966977746,0.030231783966977746,0.0,0.0
2022-10-25,-0.004471299822256247,-0.004471299822256247,0.0,0.0
2022-10-26,0.011633858092107064,0.011633858092107064,0.0,0.0
2022-10-27,-0.00460619698842678,-0.00460619698842678,0.0,0.0
2022-10-28,-0.007211421160933785,-0.007211421160933785,0.0,0.0
2022-10-30,0.0,0.0,0.0,0.0
2022-10-31,0.027000498470193878,0.027000498470193878,0.0,0.0
2022-11-01,0.0,-0.0006,0.3,20.0
2022-11-01,0.011966149805354532,0.011966149805354532,0.0,0.0
2022-11-02,0.014835930862366077,0.014835930862366077,0.0,0.0
2022-11-03,0.01289687397081125,0.01289687397081125,0.0,0.0
2022-11-04,0.01865756256311231,0.01865756256311231,0.0,0.0
2022-11-06,0.0,0.0,0.0,0.0
2022-11-07,0.0254260874229868,0.0254260874229868,0.0,0.0
2022-11-08,-0.009385960474191803,-0.009385960474191803,0.0,0.0
2022-11-09,0.014556004476474671,0.014556004476474671,0.0,0.0
2022-11-10,0.032261142346954,0.032261142346954,0.0,0.0
2022-11-11,0.01811199982444166,0.01811199982444166,0.0,0.0
2022-11-13,0.0,0.0,0.0,0.0
2022-11-14,0.029767888940920972,0.029767888940920972,0.0,0.0
2022-11-15,-0.01499289021902004,-0.01499289021902004,0.0,0.0
2022-11-16,-0.002054478003068761,-0.002054478003068761,0.0,0.0
2022-11-17,-0.004685497439043951,-0.004685497439043951,0.0,0.0
2022-11-18,0.014623887667274495,0.014623887667274495,0.0,0.0
2022-11-20,0.0,0.0,0.0,0.0
2022-11-21,0.028100099228557697,0.028100099228557697,0.0,0.0
2022-11-22,0.05309834286777417,0.05309834286777417,0.0,0.0
2022-11-23,0.014136767728621104,0.014136767728621104,0.0,0.0
2022-11-24,0.04435231198139488,0.04435231198139488,0.0,0.0
2022-11-25,0.035122754939465595,0.035122754939465595,0.0,0.0
2022-11-27,0.0,0.0,0.0,0.0
2022-11-28,0.0025118051254514285,0.0025118051254514285,0.0,0.0
2022-11-29,0.007913477586155005,0.007913477586155005,0.0,0.0
2022-11-30,0.030140631188306635,0.030140631188306635,0.0,0.0
2022-12-01,0.03294602099400004,0.03294602099400004,0.0,0.0
2022-12-01,0.0,-0.0004,0.2,20.0
2022-12-02,-0.0059881671637457175,-0.0059881671637457175,0.0,0.0
2022-12-04,0.0,0.0,0.0,0.0
2022-12-05,-0.022536378754863508,-0.022536378754863508,0.0,0.0
2022-12-06,0.003537941525462495,0.003537941525462495,0.0,0.0
2022-12-07,-0.03349622130372403,-0.03349622130372403,0.0,0.0
2022-12-08,0.027940755356491213,0.027940755356491213,0.0,0.0
2022-12-09,0.027355490158959418,0.027355490158959418,0.0,0.0
2022-12-11,0.0,0.0,0.0,0.0
2022-12-12,0.04054340007315592,0.04054340007315592,0.0,0.0
2022-12-13,0.017858916022609816,0.017858916022609816,0.0,0.0
2022-12-14,-0.0363065896429416,-0.0363065896429416,0.0,0.0
2022-12-15,0.011147309694588471,0.011147309694588471,0.0,0.0
2022-12-16,0.0020596283329332274,0.0020596283329332274,0.0,0.0
2022-12-18,0.0,0.0,0.0,0.0
2022-12-19,0.012161346166640961,0.012161346166640961,0.0,0.0
2022-12-20,0.018738181934687504,0.018738181934687504,0.0,0.0
2022-12-21,0.007412915013151123,0.007412915013151123,0.0,0.0
2022-12-22,0.011607933037212883,0.011607933037212883,0.0,0.0
2022-12-23,0.004957499232067288,0.004957499232067288,0.0,0.0
2022-12-25,0.0,0.0,0.0,0.0
2022-12-26,0.027840553675442206,0.027840553675442206,0.0,0.0
2022-12-27,0.00797375225267024,0.00797375225267024,0.0,0.0
2022-12-28,-0.04139356353528563,-0.04139356353528563,0.0,0.0
2022-12-29,0.029027829775996078,0.029027829775996078,0.0,0.0
2022-12-30,0.019780069734342143,0.019780069734342143,0.0,0.0
2022-12-31,0.0,0.0,0.0,0.0
2022-12-31,0.0,-0.0020000000000000005,1.0000000000000002,20.0
2023-01-01,0.0,0.0,0.0,0.0
2023-01-01,0.0,-0.0020000000000000005,1.0000000000000002,20.0
2023-01-02,0.03839737978325184,0.03839737978325184,0.0,0.0
2023-01-03,-0.022038923055238635,-0.022038923055238635,0.0,0.0
2023-01-04,-0.018392108650546482,-0.018392108650546482,0.0,0.0
2023-01-05,-0.07690449082917002,-0.07690449082917002,0.0,0.0
2023-01-06,0.025813441545576056,0.025813441545576056,0.0,0.0
2023-01-08,0.0,0.0,0.0,0.0
2023-01-09,-0.0320728942928529,-0.0320728942928529,0.0,0.0
2023-01-10,-0.04162179596784976,-0.04162179596784976,0.0,0.0
2023-01-11,-0.05074952424188349,-0.05074952424188349,0.0,0.0
2023-01-12,0.03493845580862849,0.03493845580862849,0.0,0.0
2023-01-13,0.00455650412515034,0.00455650412515034,0.0,0.0
2023-01-15,0.0,0.0,0.0,0.0
2023-01-16,0.04013024921864293,0.04013024921864293,0.0,0.0
2023-01-17,0.010874546109920669,0.010874546109920669,0.0,0.0
2023-01-18,0.0052741607581900385,0.0052741607581900385,0.0,0.0
2023-01-19,0.009279830935115974,0.009279830935115974,0.0,0.0
2023-01-20,0.012756551441377474,0.012756551441377474,0.0,0.0
2023-01-22,0.0,0.0,0.0,0.0
2023-01-23,-0.011020440065674753,-0.011020440065674753,0.0,0.0
2023-01-24,-0.012882232076455813,-0.012882232076455813,0.0,0.0
2023-01-25,-0.018646819429356667,-0.018646819429356667,0.0,0.0
2023-01-26,0.0002769932769783653,0.0002769932769783653,0.0,0.0
2023-01-27,-0.01426622719674736,-0.01426622719674736,0.0,0.0
2023-01-29,0.0,0.0,0.0,0.0
2023-01-30,-0.009361179506970286,-0.009361179506970286,0.0,0.0
2023-01-31,-0.014713196800748098,-0.014713196800748098,0.0,0.0
2023-02-01,-0.05972029428191381,-0.05972029428191381,0.0,0.0
2023-02-01,0.0,-0.0007999999999999999,0.39999999999999997,20.0
2023-02-02,-0.005137164447803942,-0.005137164447803942,0.0,0.0
2023-02-03,0.05528234916301685,0.05528234916301685,0.0,0.0
2023-02-05,0.0,0.0,0.0,0.0
2023-02-06,-0.00028497484732513574,-0.00028497484732513574,0.0,0.0
2023-02-07,-0.07006433194792235,-0.07006433194792235,0.0,0.0
2023-02-08,0.0,0.0,0.0,0.0
2023-02-09,0.0,0.0,0.0,0.0
2023-02-10,0.0,0.0,0.0,0.0
2023-02-12,0.0,0.0,0.0,0.0
2023-02-13,0.0,0.0,0.0,0.0
2023-02-14,0.0,0.0,0.0,0.0
2023-02-15,0.09971256934730421,0.09971256934730421,0.0,0.0
2023-02-16,0.0001940266085864173,0.0001940266085864173,0.0,0.0
2023-02-17,0.008685503788904656,0.008685503788904656,0.0,0.0
2023-02-19,0.0,0.0,0.0,0.0
2023-02-20,0.046842462747265896,0.046842462747265896,0.0,0.0
2023-02-21,0.007713165116123553,0.007713165116123553,0.0,0.0
2023-02-22,0.0074417965309374265,0.0074417965309374265,0.0,0.0
2023-02-23,0.0042383331460276955,0.0042383331460276955,0.0,0.0
2023-02-24,0.0385890400982636,0.0385890400982636,0.0,0.0
2023-02-26,0.0,0.0,0.0,0.0
2023-02-27,0.021457490440684873,0.021457490440684873,0.0,0.0
2023-02-28,0.003055033589692623,0.003055033589692623,0.0,0.0
2023-03-01,0.005413574075333903,0.005413574075333903,0.0,0.0
2023-03-01,0.0,-0.0006,0.3,20.0
2023-03-02,-0.01185699435708322,-0.01185699435708322,0.0,0.0
2023-03-03,0.008563225906394446,0.008563225906394446,0.0,0.0
2023-03-05,0.0,0.0,0.0,0.0
2023-03-06,0.022189430448568127,0.022189430448568127,0.0,0.0
2023-03-07,0.01442811831360854,0.01442811831360854,0.0,0.0
2023-03-08,-0.015523707244258191,-0.015523707244258191,0.0,0.0
2023-03-09,0.004004514763446586,0.004004514763446586,0.0,0.0
2023-03-10,-0.017457554539257437,-0.017457554539257437,0.0,0.0
2023-03-12,0.0,0.0,0.0,0.0
2023-03-13,-0.006544429290084764,-0.006544429290084764,0.0,0.0
2023-03-14,-0.0061376207710883805,-0.0061376207710883805,0.0,0.0
2023-03-15,-0.020717065761901878,-0.020717065761901878,0.0,0.0
2023-03-16,0.023385637602229968,0.023385637602229968,0.0,0.0
2023-03-17,-0.001759829820482138,-0.001759829820482138,0.0,0.0
2023-03-19,0.0,0.0,0.0,0.0
2023-03-20,-0.04565485467025811,-0.04565485467025811,0.0,0.0
2023-03-21,-4.0934510143963705e-05,-4.0934510143963705e-05,0.0,0.0
2023-03-22,0.01735773421788596,0.01735773421788596,0.0,0.0
2023-03-23,0.006253521731885815,0.006253521731885815,0.0,0.0
2023-03-24,0.005981763194331136,0.005981763194331136,0.0,0.0
2023-03-26,0.0,0.0,0.0,0.0
2023-03-27,0.0030029867007048353,0.0030029867007048353,0.0,0.0
2023-03-28,-0.04835527180671541,-0.04835527180671541,0.0,0.0
2023-03-29,0.014069063467481203,0.014069063467481203,0.0,0.0
2023-03-30,-0.0005871573058249372,-0.0005871573058249372,0.0,0.0
2023-03-31,-0.014506685862768078,-0.014506685862768078,0.0,0.0
2023-04-02,0.0,-0.0014000000000000002,0.7000000000000001,20.0
2023-04-02,0.0,0.0,0.0,0.0
2023-04-03,0.006477572195570059,0.006477572195570059,0.0,0.0
2023-04-04,0.022557932185486008,0.022557932185486008,0.0,0.0
2023-04-05,-0.008594598651212426,-0.008594598651212426,0.0,0.0
2023-04-06,0.002971810725765922,0.002971810725765922,0.0,0.0
2023-04-07,0.0072828419062954215,0.0072828419062954215,0.0,0.0
2023-04-09,0.0,0.0,0.0,0.0
2023-04-10,0.014245776627711785,0.014245776627711785,0.0,0.0
2023-04-11,0.01827379293227126,0.01827379293227126,0.0,0.0
2023-04-12,0.019006957942319557,0.019006957942319557,0.0,0.0
2023-04-13,-0.000994538463744388,-0.000994538463744388,0.0,0.0
2023-04-14,-0.0008246338143602318,-0.0008246338143602318,0.0,0.0
2023-04-16,0.0,0.0,0.0,0.0
2023-04-17,-0.011591565844715148,-0.011591565844715148,0.0,0.0
2023-04-18,0.017485386069269415,0.017485386069269415,0.0,0.0
2023-04-19,0.0095740749896005,0.0095740749896005,0.0,0.0
2023-04-20,0.004871243774173795,0.004871243774173795,0.0,0.0
2023-04-21,0.0,0.0,0.0,0.0
2023-04-23,0.0,0.0,0.0,0.0
2023-04-24,0.012283130132047671,0.012283130132047671,0.0,0.0
2023-04-25,-0.025668884027076035,-0.025668884027076035,0.0,0.0
2023-04-26,-0.006055933807893943,-0.006055933807893943,0.0,0.0
2023-04-27,-0.0053482505949547735,-0.0053482505949547735,0.0,0.0
2023-04-28,-0.03483669706457634,-0.03483669706457634,0.0,0.0
2023-04-30,0.0,0.0,0.0,0.0
2023-04-30,0.0,-0.002,1.0,20.0
2023-05-01,0.0,0.0,0.0,0.0
2023-05-01,0.0,-0.002,1.0,20.0
2023-05-02,-0.034815783468144575,-0.034815783468144575,0.0,0.0
2023-05-03,-0.002654114453955948,-0.002654114453955948,0.0,0.0
2023-05-04,0.008914513021726455,0.008914513021726455,0.0,0.0
2023-05-05,-0.004545533821766434,-0.004545533821766434,0.0,0.0
2023-05-07,0.0,0.0,0.0,0.0
2023-05-08,0.03888951062902131,0.03888951062902131,0.0,0.0
2023-05-09,0.019925932374143675,0.019925932374143675,0.0,0.0
2023-05-10,0.008580395315831716,0.008580395315831716,0.0,0.0
2023-05-11,0.07061153401762206,0.07061153401762206,0.0,0.0
2023-05-12,-0.016435977403466275,-0.016435977403466275,0.0,0.0
2023-05-14,0.0,0.0,0.0,0.0
2023-05-15,-0.05723837335988734,-0.05723837335988734,0.0,0.0
2023-05-16,-0.007175828991680587,-0.007175828991680587,0.0,0.0
2023-05-17,0.012977822576177592,0.012977822576177592,0.0,0.0
2023-05-18,-0.028138738092475524,-0.028138738092475524,0.0,0.0
2023-05-19,0.0,0.0,0.0,0.0
2023-05-21,0.0,0.0,0.0,0.0
2023-05-22,-0.022675425063570266,-0.022675425063570266,0.0,0.0
2023-05-23,-0.0012423208466051609,-0.0012423208466051609,0.0,0.0
2023-05-24,-0.014680959859344712,-0.014680959859344712,0.0,0.0
2023-05-25,0.014729751017933678,0.014729751017933678,0.0,0.0
2023-05-26,0.022436800658219028,0.022436800658219028,0.0,0.0
2023-05-28,0.0,0.0,0.0,0.0
2023-05-29,0.03527049401818438,0.03527049401818438,0.0,0.0
2023-05-30,0.0544809731877929,0.0544809731877929,0.0,0.0
2023-05-31,-0.004459659090330937,-0.004459659090330937,0.0,0.0
2023-06-01,0.020732054015644673,0.020732054015644673,0.0,0.0
2023-06-01,0.0,-0.0006,0.3,20.0
2023-06-02,0.03879282922447526,0.03879282922447526,0.0,0.0
2023-06-04,0.0,0.0,0.0,0.0
2023-06-05,0.036017370579576394,0.036017370579576394,0.0,0.0
2023-06-06,-0.005542089936402249,-0.005542089936402249,0.0,0.0
2023-06-07,0.02300690418660135,0.02300690418660135,0.0,0.0
2023-06-08,0.005160004497777514,0.005160004497777514,0.0,0.0
2023-06-09,-0.0026096351546163184,-0.0026096351546163184,0.0,0.0
2023-06-11,0.0,0.0,0.0,0.0
2023-06-12,-0.017324197109311608,-0.017324197109311608,0.0,0.0
2023-06-13,-0.015823373113148693,-0.015823373113148693,0.0,0.0
2023-06-14,-0.009055003223481638,-0.009055003223481638,0.0,0.0
2023-06-15,0.0399885547392479,0.0399885547392479,0.0,0.0
2023-06-16,-0.012242621533684503,-0.012242621533684503,0.0,0.0
2023-06-18,0.0,0.0,0.0,0.0
2023-06-19,-0.030901784985582006,-0.030901784985582006,0.0,0.0
2023-06-20,0.013715875000257458,0.013715875000257458,0.0,0.0
2023-06-21,-0.008445693636238325,-0.008445693636238325,0.0,0.0
2023-06-22,0.028522824450516578,0.028522824450516578,0.0,0.0
2023-06-23,0.034635120939634535,0.034635120939634535,0.0,0.0
2023-06-25,0.0,0.0,0.0,0.0
2023-06-26,0.02513818531471947,0.02513818531471947,0.0,0.0
2023-06-27,0.01076479548403377,0.01076479548403377,0.0,0.0
2023-06-28,0.0,0.0,0.0,0.0
2023-06-29,0.0,0.0,0.0,0.0
2023-06-30,0.0,0.0,0.0,0.0
2023-07-02,0.0,0.0,0.0,0.0
2023-07-02,0.0,-0.0006,0.3,20.0
2023-07-03,0.039145996516237666,0.039145996516237666,0.0,0.0
2023-07-04,-0.0063608724232667065,-0.0063608724232667065,0.0,0.0
2023-07-05,0.008722860710762982,0.008722860710762982,0.0,0.0
2023-07-06,0.010955344130558056,0.010955344130558056,0.0,0.0
2023-07-07,0.011698258233896953,0.011698258233896953,0.0,0.0
2023-07-09,0.0,0.0,0.0,0.0
2023-07-10,0.014833789901628562,0.014833789901628562,0.0,0.0
2023-07-11,0.027305831608467425,0.027305831608467425,0.0,0.0
2023-07-12,0.0021495937203854783,0.0021495937203854783,0.0,0.0
2023-07-13,0.013757407253406243,0.013757407253406243,0.0,0.0
2023-07-14,0.01281510331890202,0.01281510331890202,0.0,0.0
2023-07-16,0.0,0.0,0.0,0.0
2023-07-17,0.022198734313227386,0.022198734313227386,0.0,0.0
2023-07-18,-0.044546169663890245,-0.044546169663890245,0.0,0.0
2023-07-19,0.04831204931376007,0.04831204931376007,0.0,0.0
2023-07-20,0.030011615676942383,0.030011615676942383,0.0,0.0
2023-07-21,0.003743824893125769,0.003743824893125769,0.0,0.0
2023-07-23,0.0,0.0,0.0,0.0
2023-07-24,0.006960536906076377,0.006960536906076377,0.0,0.0
2023-07-25,-0.0002453370687985337,-0.0002453370687985337,0.0,0.0
2023-07-26,0.0036035455564789156,0.0036035455564789156,0.0,0.0
2023-07-27,0.028896538654243194,0.028896538654243194,0.0,0.0
2023-07-28,0.037713660187292664,0.037713660187292664,0.0,0.0
2023-07-30,0.0,0.0,0.0,0.0
2023-07-31,0.037842278799699106,0.037842278799699106,0.0,0.0
2023-08-01,0.0,-0.0006,0.3,20.0
2023-08-01,-0.0008903434745795333,-0.0008903434745795333,0.0,0.0
2023-08-02,0.016725210995178375,0.016725210995178375,0.0,0.0
2023-08-03,-0.015242968443045004,-0.015242968443045004,0.0,0.0
2023-08-04,0.04166762438042804,0.04166762438042804,0.0,0.0
2023-08-06,0.0,0.0,0.0,0.0
2023-08-07,0.02035833274595083,0.02035833274595083,0.0,0.0
2023-08-08,0.008371353731089937,0.008371353731089937,0.0,0.0
2023-08-09,0.04640106591245405,0.04640106591245405,0.0,0.0
2023-08-10,-0.016029947852756254,-0.016029947852756254,0.0,0.0
2023-08-11,0.026668858541187567,0.026668858541187567,0.0,0.0
2023-08-13,0.0,0.0,0.0,0.0
2023-08-14,-0.0024304808303497244,-0.0024304808303497244,0.0,0.0
2023-08-15,0.015183021157898657,0.015183021157898657,0.0,0.0
2023-08-16,0.013986468707092001,0.013986468707092001,0.0,0.0
2023-08-17,0.013999889972258041,0.013999889972258041,0.0,0.0
2023-08-18,-0.030324785781904638,-0.030324785781904638,0.0,0.0
2023-08-20,0.0,0.0,0.0,0.0
2023-08-21,0.031247047752757936,0.031247047752757936,0.0,0.0
2023-08-22,0.0008257367424822529,0.0008257367424822529,0.0,0.0
2023-08-23,-0.009729619524526533,-0.009729619524526533,0.0,0.0
2023-08-24,0.027042246523392627,0.027042246523392627,0.0,0.0
2023-08-25,0.014813675915574987,0.014813675915574987,0.0,0.0
2023-08-27,0.0,0.0,0.0,0.0
2023-08-28,0.007404786725232404,0.007404786725232404,0.0,0.0
2023-08-29,-0.007842687479883105,-0.007842687479883105,0.0,0.0
2023-08-30,0.0,0.0,0.0,0.0
2023-08-31,-0.010163954843604339,-0.010163954843604339,0.0,0.0
2023-09-01,0.0034035833771241635,0.0034035833771241635,0.0,0.0
2023-09-01,0.0,-0.0009999999999999998,0.49999999999999994,20.0
2023-09-03,0.0,0.0,0.0,0.0
2023-09-04,0.008571350288256254,0.008571350288256254,0.0,0.0
2023-09-05,0.01632423327351903,0.01632423327351903,0.0,0.0
2023-09-06,0.005639574772852008,0.005639574772852008,0.0,0.0
2023-09-07,0.025744728979101447,0.025744728979101447,0.0,0.0
2023-09-08,-0.001655831784153617,-0.001655831784153617,0.0,0.0
2023-09-10,0.0,0.0,0.0,0.0
2023-09-11,-0.019193327140035455,-0.019193327140035455,0.0,0.0
2023-09-12,0.0031692365787812657,0.0031692365787812657,0.0,0.0
2023-09-13,-0.026376074656836557,-0.026376074656836557,0.0,0.0
2023-09-14,-0.0037918006151795745,-0.0037918006151795745,0.0,0.0
2023-09-15,-0.018047460556089905,-0.018047460556089905,0.0,0.0
2023-09-17,0.0,0.0,0.0,0.0
2023-09-18,-0.03787716403220913,-0.03787716403220913,0.0,0.0
2023-09-19,0.019882682122171536,0.019882682122171536,0.0,0.0
2023-09-20,0.011385529392340367,0.011385529392340367,0.0,0.0
2023-09-21,0.055665205735378254,0.055665205735378254,0.0,0.0
2023-09-22,0.024882531325533534,0.024882531325533534,0.0,0.0
2023-09-24,0.0,0.0,0.0,0.0
2023-09-25,0.04369077487782025,0.04369077487782025,0.0,0.0
2023-09-26,-0.024069287810165086,-0.024069287810165086,0.0,0.0
2023-09-27,0.010764598924826852,0.010764598924826852,0.0,0.0
2023-09-28,-0.006369847849618415,-0.006369847849618415,0.0,0.0
2023-09-29,0.0124401443384058,0.0124401443384058,0.0,0.0
2023-09-30,0.0,0.0,0.0,0.0
2023-09-30,0.0,-0.002,1.0,20.0
2023-10-01,0.0,0.0,0.0,0.0
2023-10-01,0.0,-0.002,1.0,20.0
2023-10-02,0.012323482892988711,0.012323482892988711,0.0,0.0
2023-10-03,0.0023955014242120656,0.0023955014242120656,0.0,0.0
2023-10-04,-0.024955966918467198,-0.024955966918467198,0.0,0.0
2023-10-05,0.02387946497131668,0.02387946497131668,0.0,0.0
2023-10-06,0.0073693057501008855,0.0073693057501008855,0.0,0.0
2023-10-08,0.0,0.0,0.0,0.0
2023-10-09,-0.04000043017016612,-0.04000043017016612,0.0,0.0
2023-10-10,0.03855169570323782,0.03855169570323782,0.0,0.0
2023-10-11,-0.0031653935589358814,-0.0031653935589358814,0.0,0.0
2023-10-12,-0.005661239421470532,-0.005661239421470532,0.0,0.0
2023-10-13,-0.027392019776421583,-0.027392019776421583,0.0,0.0
2023-10-15,0.0,0.0,0.0,0.0
2023-10-16,-0.031098217730172583,-0.031098217730172583,0.0,0.0
2023-10-17,0.04011123397766587,0.04011123397766587,0.0,0.0
2023-10-18,-0.033412832174195134,-0.033412832174195134,0.0,0.0
2023-10-19,-0.00247735590607715,-0.00247735590607715,0.0,0.0
2023-10-20,-0.04123200459967246,-0.04123200459967246,0.0,0.0
2023-10-22,0.0,0.0,0.0,0.0
2023-10-23,0.028233138165882778,0.028233138165882778,0.0,0.0
2023-10-24,0.04046558035760475,0.04046558035760475,0.0,0.0
2023-10-25,-0.06976043093815228,-0.06976043093815228,0.0,0.0
2023-10-26,0.0343924005985171,0.0343924005985171,0.0,0.0
2023-10-27,-0.0012445562352320417,-0.0012445562352320417,0.0,0.0
2023-10-29,0.0,0.0,0.0,0.0
2023-10-30,-0.008201643236754553,-0.008201643236754553,0.0,0.0
2023-10-31,-0.022228287280875173,-0.022228287280875173,0.0,0.0
2023-11-01,0.0007308090845607018,0.0007308090845607018,0.0,0.0
2023-11-01,0.0,-0.0009999999999999998,0.49999999999999994,20.0
2023-11-02,-0.0007918773902329643,-0.0007918773902329643,0.0,0.0
2023-11-03,0.005469230687335125,0.005469230687335125,0.0,0.0
2023-11-05,0.0,0.0,0.0,0.0
2023-11-06,0.01187864525442578,0.01187864525442578,0.0,0.0
2023-11-07,-0.003024134483827723,-0.003024134483827723,0.0,0.0
2023-11-08,0.011096741864091353,0.011096741864091353,0.0,0.0
2023-11-09,0.007817275339047613,0.007817275339047613,0.0,0.0
2023-11-10,-0.009276774365646858,-0.009276774365646858,0.0,0.0
2023-11-12,0.0,0.0,0.0,0.0
2023-11-13,-0.02088543158102997,-0.02088543158102997,0.0,0.0
2023-11-14,0.015175925108822121,0.015175925108822121,0.0,0.0
2023-11-15,-0.010832304351808486,-0.010832304351808486,0.0,0.0
2023-11-16,0.0035053507438767453,0.0035053507438767453,0.0,0.0
2023-11-17,0.013989257647443465,0.013989257647443465,0.0,0.0
2023-11-19,0.0,0.0,0.0,0.0
2023-11-20,0.0021185917079182704,0.0021185917079182704,0.0,0.0
2023-11-21,-0.003378973293467982,-0.003378973293467982,0.0,0.0
2023-11-22,-0.007004623726226612,-0.007004623726226612,0.0,0.0
2023-11-23,0.006833850046393075,0.006833850046393075,0.0,0.0
2023-11-24,0.003707525318011274,0.003707525318011274,0.0,0.0
2023-11-26,0.0,0.0,0.0,0.0
2023-11-27,-0.0054641821904982575,-0.0054641821904982575,0.0,0.0
2023-11-28,-0.004003945231649486,-0.004003945231649486,0.0,0.0
2023-11-29,-0.022929913868813913,-0.022929913868813913,0.0,0.0
2023-11-30,-0.0013500659508073887,-0.0013500659508073887,0.0,0.0
2023-12-01,-0.0030352700894554,-0.0030352700894554,0.0,0.0
2023-12-01,0.0,-0.0007999999999999999,0.39999999999999997,20.0
2023-12-03,0.0,0.0,0.0,0.0
2023-12-04,0.0071990030789474534,0.0071990030789474534,0.0,0.0
2023-12-05,0.023549128095945716,0.023549128095945716,0.0,0.0
2023-12-06,-0.022003819322321396,-0.022003819322321396,0.0,0.0
2023-12-07,0.00015336350507220205,0.00015336350507220205,0.0,0.0
2023-12-08,0.00564080790366961,0.00564080790366961,0.0,0.0
2023-12-10,0.0,0.0,0.0,0.0
2023-12-11,-0.013439069600384811,-0.013439069600384811,0.0,0.0
2023-12-12,0.025444551825074803,0.025444551825074803,0.0,0.0
2023-12-13,-0.027825849319548405,-0.027825849319548405,0.0,0.0
2023-12-14,0.019909401097487157,0.019909401097487157,0.0,0.0
2023-12-15,-0.0035987742530474544,-0.0035987742530474544,0.0,0.0
2023-12-17,0.0,0.0,0.0,0.0
2023-12-18,-0.024876525155285614,-0.024876525155285614,0.0,0.0
2023-12-19,-0.006818527460041746,-0.006818527460041746,0.0,0.0
2023-12-20,-0.019701161772694178,-0.019701161772694178,0.0,0.0
2023-12-21,0.039285295045812726,0.039285295045812726,0.0,0.0
2023-12-22,-0.015935279673690107,-0.015935279673690107,0.0,0.0
2023-12-24,0.0,0.0,0.0,0.0
2023-12-25,-0.05665332390435224,-0.05665332390435224,0.0,0.0
2023-12-26,0.0013856425238438657,0.0013856425238438657,0.0,0.0
2023-12-27,0.00029853658184319034,0.00029853658184319034,0.0,0.0
2023-12-28,0.0282606179650421,0.0282606179650421,0.0,0.0
2023-12-29,0.03124537502714536,0.03124537502714536,0.0,0.0
2023-12-31,0.0,0.0,0.0,0.0
2024-01-01,0.0,-0.0007999999999999999,0.39999999999999997,20.0
2024-01-01,0.0,0.0,0.0,0.0
2024-01-02,0.02977336787384778,0.02977336787384778,0.0,0.0
2024-01-03,-0.02593983479525446,-0.02593983479525446,0.0,0.0
2024-01-04,0.02028632246813379,0.02028632246813379,0.0,0.0
2024-01-05,0.01903796058240259,0.01903796058240259,0.0,0.0
2024-01-07,0.0,0.0,0.0,0.0
2024-01-08,0.011659538126276438,0.011659538126276438,0.0,0.0
2024-01-09,-0.018285050364954494,-0.018285050364954494,0.0,0.0
2024-01-10,0.012951928867485842,0.012951928867485842,0.0,0.0
2024-01-11,0.005325068076634842,0.005325068076634842,0.0,0.0
2024-01-12,0.009806360588497454,0.009806360588497454,0.0,0.0
2024-01-14,0.0,0.0,0.0,0.0
2024-01-15,0.030484096544614772,0.030484096544614772,0.0,0.0
2024-01-16,-0.0002633846711121322,-0.0002633846711121322,0.0,0.0
2024-01-17,0.0015577013030915621,0.0015577013030915621,0.0,0.0
2024-01-18,-0.006323636487172881,-0.006323636487172881,0.0,0.0
2024-01-19,0.019329487258403357,0.019329487258403357,0.0,0.0
2024-01-21,0.0,0.0,0.0,0.0
2024-01-22,0.008285043847064412,0.008285043847064412,0.0,0.0
2024-01-23,-0.00223665120848684,-0.00223665120848684,0.0,0.0
2024-01-24,0.008716930320652029,0.008716930320652029,0.0,0.0
2024-01-25,0.027372260290442707,0.027372260290442707,0.0,0.0
2024-01-26,0.014065183860832886,0.014065183860832886,0.0,0.0
2024-01-28,0.0,0.0,0.0,0.0
2024-01-29,0.022312363434306003,0.022312363434306003,0.0,0.0
2024-01-30,0.016527676534843307,0.016527676534843307,0.0,0.0
2024-01-31,0.008394892408025902,0.008394892408025902,0.0,0.0
2024-02-01,0.016617962987671455,0.016617962987671455,0.0,0.0
2024-02-01,0.0,-0.0004,0.2,20.0
2024-02-02,0.010139905465300447,0.010139905465300447,0.0,0.0
2024-02-04,0.0,0.0,0.0,0.0
2024-02-05,0.027457081548346685,0.027457081548346685,0.0,0.0
2024-02-06,-0.0009684690607224089,-0.0009684690607224089,0.0,0.0
2024-02-07,-0.009220191923524124,-0.009220191923524124,0.0,0.0
2024-02-08,0.014414308296802382,0.014414308296802382,0.0,0.0
2024-02-09,-0.0029696131648631278,-0.0029696131648631278,0.0,0.0
2024-02-11,0.0,0.0,0.0,0.0
2024-02-12,0.01339804803861615,0.01339804803861615,0.0,0.0
2024-02-13,-0.026264562958614138,-0.026264562958614138,0.0,0.0
2024-02-14,0.017252582720786558,0.017252582720786558,0.0,0.0
2024-02-15,0.007686315456799231,0.007686315456799231,0.0,0.0
2024-02-16,0.001239253760994919,0.001239253760994919,0.0,0.0
2024-02-18,0.0,0.0,0.0,0.0
2024-02-19,0.004334161657108115,0.004334161657108115,0.0,0.0
2024-02-20,0.0051985634353891915,0.0051985634353891915,0.0,0.0
2024-02-21,-0.009127335062476627,-0.009127335062476627,0.0,0.0
2024-02-22,0.011942792881926633,0.011942792881926633,0.0,0.0
2024-02-23,0.008804217555878503,0.008804217555878503,0.0,0.0
2024-02-25,0.0,0.0,0.0,0.0
2024-02-26,0.0033721074402949473,0.0033721074402949473,0.0,0.0
2024-02-27,-0.013542660883059532,-0.013542660883059532,0.0,0.0
2024-02-28,-0.007032094132404844,-0.007032094132404844,0.0,0.0
2024-02-29,0.02182047876746047,0.02182047876746047,0.0,0.0
2024-03-01,0.0018788256969336954,0.0018788256969336954,0.0,0.0
2024-03-01,0.0,-0.0006,0.3,20.0
2024-03-03,0.0,0.0,0.0,0.0
2024-03-04,-0.021247765211126948,-0.021247765211126948,0.0,0.0
2024-03-05,0.006590595163795376,0.006590595163795376,0.0,0.0
2024-03-06,-0.022412816493003362,-0.022412816493003362,0.0,0.0
2024-03-07,0.03309285662068983,0.03309285662068983,0.0,0.0
2024-03-08,-0.01297537265077744,-0.01297537265077744,0.0,0.0
2024-03-10,0.0,0.0,0.0,0.0
2024-03-11,-0.015202359327206871,-0.015202359327206871,0.0,0.0
2024-03-12,-0.010254541242607728,-0.010254541242607728,0.0,0.0
2024-03-13,-0.0024127246057781375,-0.0024127246057781375,0.0,0.0
2024-03-14,0.02097977512293451,0.02097977512293451,0.0,0.0
2024-03-15,-0.009593386530564307,-0.009593386530564307,0.0,0.0
2024-03-17,0.0,0.0,0.0,0.0
2024-03-18,-0.023001698402626503,-0.023001698402626503,0.0,0.0
2024-03-19,0.030881868154197224,0.030881868154197224,0.0,0.0
2024-03-20,0.005341898281360148,0.005341898281360148,0.0,0.0
2024-03-21,-0.0036023147174945812,-0.0036023147174945812,0.0,0.0
2024-03-22,0.010155517645626744,0.010155517645626744,0.0,0.0
2024-03-24,0.0,0.0,0.0,0.0
2024-03-25,-0.022782911168281496,-0.022782911168281496,0.0,0.0
2024-03-26,-0.029925061244285393,-0.029925061244285393,0.0,0.0
2024-03-27,-0.00038629561710623616,-0.00038629561710623616,0.0,0.0
2024-03-28,0.01311750618187547,0.01311750618187547,0.0,0.0
2024-03-29,0.017052154813050658,0.017052154813050658,0.0,0.0
2024-03-31,0.0,0.0,0.0,0.0
2024-04-01,-0.02387874502194192,-0.02387874502194192,0.0,0.0
2024-04-01,0.0,-0.0009999999999999998,0.49999999999999994,20.0
2024-04-02,-0.0024104933824208204,-0.0024104933824208204,0.0,0.0
2024-04-03,-0.014335181998636905,-0.014335181998636905,0.0,0.0
2024-04-04,0.007998997569343403,0.007998997569343403,0.0,0.0
2024-04-05,0.048515494633120194,0.048515494633120194,0.0,0.0
2024-04-07,0.0,0.0,0.0,0.0
2024-04-08,0.027177356964845346,0.027177356964845346,0.0,0.0
2024-04-09,0.011360597349771174,0.011360597349771174,0.0,0.0
2024-04-10,0.0,0.0,0.0,0.0
2024-04-11,0.0,0.0,0.0,0.0
2024-04-12,0.0,0.0,0.0,0.0
2024-04-14,0.0,0.0,0.0,0.0
2024-04-15,-0.0054505810845885344,-0.0054505810845885344,0.0,0.0
2024-04-16,-0.012708302801888604,-0.012708302801888604,0.0,0.0
2024-04-17,0.00549253186929628,0.00549253186929628,0.0,0.0
2024-04-18,0.0003825682205539807,0.0003825682205539807,0.0,0.0
2024-04-19,0.007631714311014692,0.007631714311014692,0.0,0.0
2024-04-21,0.0,0.0,0.0,0.0
2024-04-22,-0.0006012385224247842,-0.0006012385224247842,0.0,0.0
2024-04-23,0.0,0.0,0.0,0.0
2024-04-24,-0.00828369551376218,-0.00828369551376218,0.0,0.0
2024-04-25,0.0007613812155298444,0.0007613812155298444,0.0,0.0
2024-04-26,0.010607724387095742,0.010607724387095742,0.0,0.0
2024-04-28,0.0,0.0,0.0,0.0
2024-04-29,-0.00040242115297186567,-0.00040242115297186567,0.0,0.0
2024-04-30,-0.007831554344893998,-0.007831554344893998,0.0,0.0
2024-05-01,0.0,-0.0007999999999999999,0.39999999999999997,20.0
2024-05-01,0.0,0.0,0.0,0.0
2024-05-02,0.0026128754442931836,0.0026128754442931836,0.0,0.0
2024-05-03,-0.0013736650557786504,-0.0013736650557786504,0.0,0.0
2024-05-05,0.0,0.0,0.0,0.0
2024-05-06,0.005434838519396423,0.005434838519396423,0.0,0.0
2024-05-07,0.013146658863542073,0.013146658863542073,0.0,0.0
2024-05-08,0.0037806942305779415,0.0037806942305779415,0.0,0.0
2024-05-09,0.008162476711557254,0.008162476711557254,0.0,0.0
2024-05-10,0.005331657202787455,0.005331657202787455,0.0,0.0
2024-05-12,0.0,0.0,0.0,0.0
2024-05-13,-0.010848083147640698,-0.010848083147640698,0.0,0.0
2024-05-14,0.004872458329090346,0.004872458329090346,0.0,0.0
2024-05-15,0.003649178421506117,0.003649178421506117,0.0,0.0
2024-05-16,0.0074481977836928,0.0074481977836928,0.0,0.0
2024-05-17,0.02043600702570634,0.02043600702570634,0.0,0.0
2024-05-19,0.0,0.0,0.0,0.0
2024-05-20,0.011177798758747273,0.011177798758747273,0.0,0.0
2024-05-21,-0.0038963791788168894,-0.0038963791788168894,0.0,0.0
2024-05-22,0.007121582543462458,0.007121582543462458,0.0,0.0
2024-05-23,-0.011091042802395878,-0.011091042802395878,0.0,0.0
2024-05-24,-0.0041569240817439955,-0.0041569240817439955,0.0,0.0
2024-05-26,0.0,0.0,0.0,0.0
2024-05-27,-0.017567638923786735,-0.017567638923786735,0.0,0.0
2024-05-28,0.00037817707010954354,0.00037817707010954354,0.0,0.0
2024-05-29,-0.004776019204803306,-0.004776019204803306,0.0,0.0
2024-05-30,-0.002029150558242854,-0.002029150558242854,0.0,0.0
2024-05-31,-0.00040621792336179626,-0.00040621792336179626,0.0,0.0
2024-06-02,0.0,0.0,0.0,0.0
2024-06-02,0.0,-0.0006,0.3,20.0
2024-06-03,-0.006919842353482475,-0.006919842353482475,0.0,0.0
2024-06-04,-0.010995970262131671,-0.010995970262131671,0.0,0.0
2024-06-05,-0.015141902518830274,-0.015141902518830274,0.0,0.0
2024-06-06,-0.004690030264110278,-0.004690030264110278,0.0,0.0
2024-06-07,-0.011360714439497745,-0.011360714439497745,0.0,0.0
2024-06-09,0.0,0.0,0.0,0.0
2024-06-10,-0.016072271808872586,-0.016072271808872586,0.0,0.0
2024-06-11,-0.001137283429877311,-0.001137283429877311,0.0,0.0
2024-06-12,0.008664924010601371,0.008664924010601371,0.0,0.0
2024-06-13,0.017566995078057982,0.017566995078057982,0.0,0.0
2024-06-14,0.010930228376842112,0.010930228376842112,0.0,0.0
2024-06-16,0.0,0.0,0.0,0.0
2024-06-17,0.0,0.0,0.0,0.0
2024-06-18,0.0,0.0,0.0,0.0
2024-06-19,0.0,0.0,0.0,0.0
2024-06-20,0.016820757944685898,0.016820757944685898,0.0,0.0
2024-06-21,-0.0029176234826634568,-0.0029176234826634568,0.0,0.0
2024-06-23,0.0,0.0,0.0,0.0
2024-06-24,-0.005574792790004792,-0.005574792790004792,0.0,0.0
2024-06-25,-0.0012853704295955227,-0.0012853704295955227,0.0,0.0
2024-06-26,-0.01772845017203026,-0.01772845017203026,0.0,0.0
2024-06-27,0.02070508100496321,0.02070508100496321,0.0,0.0
2024-06-28,-0.012606869209630467,-0.012606869209630467,0.0,0.0
2024-06-30,0.0,0.0,0.0,0.0
2024-07-01,-0.022077345639085557,-0.022077345639085557,0.0,0.0
2024-07-01,0.0,-0.0006,0.3,20.0
2024-07-02,0.020889625550095648,0.020889625550095648,0.0,0.0
2024-07-03,0.01048816869786444,0.01048816869786444,0.0,0.0
2024-07-04,0.016951145695598604,0.016951145695598604,0.0,0.0
2024-07-05,-0.010201231648369091,-0.010201231648369091,0.0,0.0
2024-07-07,0.0,0.0,0.0,0.0
2024-07-08,-0.002057217648239318,-0.002057217648239318,0.0,0.0
2024-07-09,-0.007377565584232317,-0.007377565584232317,0.0,0.0
2024-07-10,-0.006268354754944749,-0.006268354754944749,0.0,0.0
2024-07-11,0.019530185924510658,0.019530185924510658,0.0,0.0
2024-07-12,0.006334220046321848,0.006334220046321848,0.0,0.0
2024-07-14,0.0,0.0,0.0,0.0
2024-07-15,0.0,0.0,0.0,0.0
2024-07-16,0.0023156383354964844,0.0023156383354964844,0.0,0.0
2024-07-17,-0.00547554263772837,-0.00547554263772837,0.0,0.0
2024-07-18,0.007919091596560757,0.007919091596560757,0.0,0.0
2024-07-19,0.003429825380930896,0.003429825380930896,0.0,0.0
2024-07-21,0.0,0.0,0.0,0.0
2024-07-22,0.010941565595349966,0.010941565595349966,0.0,0.0
2024-07-23,0.00033275726794413816,0.00033275726794413816,0.0,0.0
2024-07-24,-0.021674705914838402,-0.021674705914838402,0.0,0.0
2024-07-25,-0.006293095835833262,-0.006293095835833262,0.0,0.0
2024-07-26,0.010049020198320713,0.010049020198320713,0.0,0.0
2024-07-28,0.0,0.0,0.0,0.0
2024-07-29,-0.014186243182256898,-0.014186243182256898,0.0,0.0
2024-07-30,-0.002885204949270981,-0.002885204949270981,0.0,0.0
2024-07-31,-0.0017096959813052146,-0.0017096959813052146,0.0,0.0
2024-08-01,0.01284689051173339,0.01284689051173339,0.0,0.0
2024-08-01,0.0,-0.0009999999999999998,0.49999999999999994,20.0
2024-08-02,-0.02277931746786387,-0.02277931746786387,0.0,0.0
2024-08-04,0.0,0.0,0.0,0.0
2024-08-05,-0.054704970156649366,-0.054704970156649366,0.0,0.0
2024-08-06,0.034874734684608985,0.034874734684608985,0.0,0.0
2024-08-07,0.018886664524843534,0.018886664524843534,0.0,0.0
2024-08-08,0.00804871345859881,0.00804871345859881,0.0,0.0
2024-08-09,-0.02132156468454678,-0.02132156468454678,0.0,0.0
2024-08-11,0.0,0.0,0.0,0.0
2024-08-12,-0.032603002119584196,-0.032603002119584196,0.0,0.0
2024-08-13,0.007884448915007336,0.007884448915007336,0.0,0.0
2024-08-14,0.013377754158330469,0.013377754158330469,0.0,0.0
2024-08-15,0.02129200842709609,0.02129200842709609,0.0,0.0
2024-08-16,-0.015469467572994678,-0.015469467572994678,0.0,0.0
2024-08-18,0.0,0.0,0.0,0.0
2024-08-19,0.015230548411966728,0.015230548411966728,0.0,0.0
2024-08-20,0.002866840468178967,0.002866840468178967,0.0,0.0
2024-08-21,-0.008483328184083615,-0.008483328184083615,0.0,0.0
2024-08-22,-0.0011272105580417031,-0.0011272105580417031,0.0,0.0
2024-08-23,-0.029511676221799,-0.029511676221799,0.0,0.0
2024-08-25,0.0,0.0,0.0,0.0
2024-08-26,-0.022147275338092798,-0.022147275338092798,0.0,0.0
2024-08-27,0.012616171949370158,0.012616171949370158,0.0,0.0
2024-08-28,0.00714731441781109,0.00714731441781109,0.0,0.0
2024-08-29,0.004794648789893108,0.004794648789893108,0.0,0.0
2024-08-30,0.0,0.0,0.0,0.0
2024-08-30,0.0,-0.0014000000000000002,0.7000000000000001,20.0
2024-08-31,0.0,0.0,0.0,0.0
2024-08-31,0.0,-0.0020000000000000005,1.0000000000000002,20.0
2024-09-01,0.0,0.0,0.0,0.0
2024-09-01,0.0,-0.0020000000000000005,1.0000000000000002,20.0
2024-09-02,-0.022657693831240333,-0.022657693831240333,0.0,0.0
2024-09-03,0.007018596726735438,0.007018596726735438,0.0,0.0
2024-09-04,-0.019394185499881256,-0.019394185499881256,0.0,0.0
2024-09-05,-0.0035480349344978457,-0.0035480349344978457,0.0,0.0
2024-09-06,-0.01145434769573378,-0.01145434769573378,0.0,0.0
2024-09-08,0.0,0.0,0.0,0.0
2024-09-09,0.0001282947958550218,0.0001282947958550218,0.0,0.0
2024-09-10,-0.015051138102568584,-0.015051138102568584,0.0,0.0
2024-09-11,-0.005414490393508609,-0.005414490393508609,0.0,0.0
2024-09-12,0.015598206779276813,0.015598206779276813,0.0,0.0
2024-09-13,0.007827488279425143,0.007827488279425143,0.0,0.0
2024-09-15,0.0,0.0,0.0,0.0
2024-09-16,-0.024462564610184534,-0.024462564610184534,0.0,0.0
2024-09-17,0.010121920989925703,0.010121920989925703,0.0,0.0
2024-09-18,0.015857685392322185,0.015857685392322185,0.0,0.0
2024-09-19,0.006898798240024706,0.006898798240024706,0.0,0.0
2024-09-20,-0.01295851300788925,-0.01295851300788925,0.0,0.0
2024-09-22,0.0,0.0,0.0,0.0
2024-09-23,-0.007722859664607229,-0.007722859664607229,0.0,0.0
2024-09-24,-0.02043811645930832,-0.02043811645930832,0.0,0.0
2024-09-25,-0.015194667686267038,-0.015194667686267038,0.0,0.0
2024-09-26,-0.015194756675281584,-0.015194756675281584,0.0,0.0
2024-09-27,-0.0038876285181959624,-0.0038876285181959624,0.0,0.0
2024-09-29,0.0,0.0,0.0,0.0
2024-09-30,-0.02275959632121699,-0.02275959632121699,0.0,0.0
2024-10-01,-0.00939459858916597,-0.00939459858916597,0.0,0.0
2024-10-01,0.0,-0.0020000000000000005,1.0000000000000002,20.0
2024-10-02,-0.037853437073432306,-0.037853437073432306,0.0,0.0
2024-10-03,-0.00907477455443701,-0.00907477455443701,0.0,0.0
2024-10-04,0.037970012052385836,0.037970012052385836,0.0,0.0
2024-10-06,0.0,0.0,0.0,0.0
2024-10-07,-0.004159105406133536,-0.004159105406133536,0.0,0.0
2024-10-08,-0.001173727481746921,-0.001173727481746921,0.0,0.0
2024-10-09,0.008180572851548447,0.008180572851548447,0.0,0.0
2024-10-10,-0.005875642765420679,-0.005875642765420679,0.0,0.0
2024-10-11,-0.0037034120948288896,-0.0037034120948288896,0.0,0.0
2024-10-13,0.0,0.0,0.0,0.0
2024-10-14,-0.02132901490997704,-0.02132901490997704,0.0,0.0
2024-10-15,0.015450172576959057,0.015450172576959057,0.0,0.0
2024-10-16,0.015184543296843598,0.015184543296843598,0.0,0.0
2024-10-17,0.002223593706930843,0.002223593706930843,0.0,0.0
2024-10-18,-0.012013446275597972,-0.012013446275597972,0.0,0.0
2024-10-20,0.0,0.0,0.0,0.0
2024-10-21,-0.010705159977341549,-0.010705159977341549,0.0,0.0
2024-10-22,0.020671454086618968,0.020671454086618968,0.0,0.0
2024-10-23,-0.01819575094424191,-0.01819575094424191,0.0,0.0
2024-10-24,0.02401671726565513,0.02401671726565513,0.0,0.0
2024-10-25,-0.0016441783470797372,-0.0016441783470797372,0.0,0.0
2024-10-27,0.0,0.0,0.0,0.0
2024-10-28,0.0065254192114863035,0.0065254192114863035,0.0,0.0
2024-10-29,0.0,0.0,0.0,0.0
2024-10-30,0.007476931106689197,0.007476931106689197,0.0,0.0
2024-10-31,-0.001715889198984183,-0.001715889198984183,0.0,0.0
2024-11-01,-0.002037363171085987,-0.002037363171085987,0.0,0.0
2024-11-01,0.0,-0.0006,0.3,20.0
2024-11-03,0.0,0.0,0.0,0.0
2024-11-04,-0.010776337546700421,-0.010776337546700421,0.0,0.0
2024-11-05,-0.004293151097948745,-0.004293151097948745,0.0,0.0
2024-11-06,0.017460077091154137,0.017460077091154137,0.0,0.0
2024-11-07,0.008112294489718563,0.008112294489718563,0.0,0.0
2024-11-08,0.022120668414120363,0.022120668414120363,0.0,0.0
2024-11-10,0.0,0.0,0.0,0.0
2024-11-11,-0.005161863654973375,-0.005161863654973375,0.0,0.0
2024-11-12,-0.009399250119270165,-0.009399250119270165,0.0,0.0
2024-11-13,0.012438367375934812,0.012438367375934812,0.0,0.0
2024-11-14,0.01843161827052462,0.01843161827052462,0.0,0.0
2024-11-15,0.0016836619201234478,0.0016836619201234478,0.0,0.0
2024-11-17,0.0,0.0,0.0,0.0
2024-11-18,0.0062921295641812265,0.0062921295641812265,0.0,0.0
2024-11-19,-0.02077325086117017,-0.02077325086117017,0.0,0.0
2024-11-20,-0.018992738964128553,-0.018992738964128553,0.0,0.0
2024-11-21,0.01802897470272573,0.01802897470272573,0.0,0.0
2024-11-22,0.01025107853454791,0.01025107853454791,0.0,0.0
2024-11-24,0.0,0.0,0.0,0.0
2024-11-25,0.01463638525222122,0.01463638525222122,0.0,0.0
2024-11-26,0.008355865978143152,0.008355865978143152,0.0,0.0
2024-11-27,-0.00962379630842184,-0.00962379630842184,0.0,0.0
2024-11-28,0.0009703888825637885,0.0009703888825637885,0.0,0.0
2024-11-29,0.023667660690045757,0.023667660690045757,0.0,0.0
2024-11-30,0.0,0.0,0.0,0.0
2024-11-30,0.0,-0.0007999999999999999,0.39999999999999997,20.0
2024-12-01,0.0,0.0,0.0,0.0
2024-12-01,0.0,-0.0020000000000000005,1.0000000000000002,20.0
2024-12-02,0.03268323143167989,0.03268323143167989,0.0,0.0
2024-12-03,-0.017204444828560872,-0.017204444828560872,0.0,0.0
2024-12-04,-0.002180436210802772,-0.002180436210802772,0.0,0.0
2024-12-05,0.02192407511091987,0.02192407511091987,0.0,0.0
2024-12-06,-0.015277841155815153,-0.015277841155815153,0.0,0.0
2024-12-08,0.0,0.0,0.0,0.0
2024-12-09,-0.03468928445320846,-0.03468928445320846,0.0,0.0
2024-12-10,-0.009691315562023572,-0.009691315562023572,0.0,0.0
2024-12-11,-0.015415653826358844,-0.015415653826358844,0.0,0.0
2024-12-12,0.013722927466379264,0.013722927466379264,0.0,0.0
2024-12-13,-0.00750854435913334,-0.00750854435913334,0.0,0.0
2024-12-15,0.0,0.0,0.0,0.0
2024-12-16,0.010499231187328206,0.010499231187328206,0.0,0.0
2024-12-17,-0.035253531043440756,-0.035253531043440756,0.0,0.0
2024-12-18,-0.021481367625350467,-0.021481367625350467,0.0,0.0
2024-12-19,-0.003182726956340143,-0.003182726956340143,0.0,0.0
2024-12-20,-0.011724475294822456,-0.011724475294822456,0.0,0.0
2024-12-22,0.0,0.0,0.0,0.0
2024-12-23,-0.028706262695285145,-0.028706262695285145,0.0,0.0
2024-12-24,0.044697579735407,0.044697579735407,0.0,0.0
2024-12-25,0.010421405604270795,0.010421405604270795,0.0,0.0
2024-12-26,0.007300316479882829,0.007300316479882829,0.0,0.0
2024-12-27,0.03221175426371936,0.03221175426371936,0.0,0.0
2024-12-29,0.0,0.0,0.0,0.0
2024-12-30,0.023807752531156856,0.023807752531156856,0.0,0.0
2024-12-31,-0.028265265320335797,-0.028265265320335797,0.0,0.0
2025-01-01,0.0,0.0,0.0,0.0
2025-01-01,0.0,-0.0020000000000000005,1.0000000000000002,20.0
2025-01-02,0.0063654866478630055,0.0063654866478630055,0.0,0.0
2025-01-03,-0.008135372163403798,-0.008135372163403798,0.0,0.0
2025-01-05,0.0,0.0,0.0,0.0
2025-01-06,0.0017344183790321435,0.0017344183790321435,0.0,0.0
2025-01-07,-0.0019468770917268506,-0.0019468770917268506,0.0,0.0
2025-01-08,-0.0066859984152361955,-0.0066859984152361955,0.0,0.0
2025-01-09,0.009843433861587803,0.009843433861587803,0.0,0.0
2025-01-10,-0.002044712643239877,-0.002044712643239877,0.0,0.0
2025-01-12,0.0,0.0,0.0,0.0
2025-01-13,-0.011402555259965884,-0.011402555259965884,0.0,0.0
2025-01-14,-0.002609463870331252,-0.002609463870331252,0.0,0.0
2025-01-15,0.003569003101980783,0.003569003101980783,0.0,0.0
2025-01-16,0.02120490299108513,0.02120490299108513,0.0,0.0
2025-01-17,0.009128378898897862,0.009128378898897862,0.0,0.0
2025-01-19,0.0,0.0,0.0,0.0
2025-01-20,0.014966626393784477,0.014966626393784477,0.0,0.0
2025-01-21,-0.01090335481607805,-0.01090335481607805,0.0,0.0
2025-01-22,0.004578473970068963,0.004578473970068963,0.0,0.0
2025-01-23,-0.0009189672892200851,-0.0009189672892200851,0.0,0.0
2025-01-24,0.005187732458906757,0.005187732458906757,0.0,0.0
2025-01-26,0.0,0.0,0.0,0.0
2025-01-27,-0.0115238013664011,-0.0115238013664011,0.0,0.0
2025-01-28,0.004460602273584392,0.004460602273584392,0.0,0.0
2025-01-29,-0.012017105913367332,-0.012017105913367332,0.0,0.0
2025-01-30,0.0038661933389163576,0.0038661933389163576,0.0,0.0
2025-01-31,-0.0013146032782369145,-0.0013146032782369145,0.0,0.0
2025-02-02,0.0,0.0,0.0,0.0
2025-02-02,0.0,-0.0002,0.1,20.0
2025-02-03,-0.01739238000861587,-0.01739238000861587,0.0,0.0
2025-02-04,0.007771106915628756,0.007771106915628756,0.0,0.0
2025-02-05,-0.010615567280661709,-0.010615567280661709,0.0,0.0
2025-02-06,0.017208739279491205,0.017208739279491205,0.0,0.0
2025-02-07,0.012597871866028109,0.012597871866028109,0.0,0.0
2025-02-09,0.0,0.0,0.0,0.0
2025-02-10,0.004440133920329693,0.004440133920329693,0.0,0.0
2025-02-11,0.0024279230903305523,0.0024279230903305523,0.0,0.0
2025-02-12,-0.008112254742272252,-0.008112254742272252,0.0,0.0
2025-02-13,-0.004534233975181792,-0.004534233975181792,0.0,0.0
2025-02-14,0.005596986556038475,0.005596986556038475,0.0,0.0
2025-02-16,0.0,0.0,0.0,0.0
2025-02-17,0.0009124064506165317,0.0009124064506165317,0.0,0.0
2025-02-18,-0.0013389049741562298,-0.0013389049741562298,0.0,0.0
2025-02-19,-0.01660561302776812,-0.01660561302776812,0.0,0.0
2025-02-20,0.008393948045842758,0.008393948045842758,0.0,0.0
2025-02-21,-0.022321864861028384,-0.022321864861028384,0.0,0.0
2025-02-23,0.0,0.0,0.0,0.0
2025-02-24,-0.0018036967715089568,-0.0018036967715089568,0.0,0.0
2025-02-25,-0.019455086012825043,-0.019455086012825043,0.0,0.0
2025-02-26,0.0036992324095134095,0.0036992324095134095,0.0,0.0
2025-02-27,0.008689460257595984,0.008689460257595984,0.0,0.0
2025-02-28,-0.019060975764362734,-0.019060975764362734,0.0,0.0
2025-03-02,0.0,-0.0004,0.2,20.0
2025-03-02,0.0,0.0,0.0,0.0
2025-03-03,0.017901978274153497,0.017901978274153497,0.0,0.0
2025-03-04,0.007088819105455302,0.007088819105455302,0.0,0.0
2025-03-05,0.02634214796490203,0.02634214796490203,0.0,0.0
2025-03-06,0.027884401104128834,0.027884401104128834,0.0,0.0
2025-03-07,0.025962424145997885,0.025962424145997885,0.0,0.0
2025-03-09,0.0,0.0,0.0,0.0
2025-03-10,0.008196723289261066,0.008196723289261066,0.0,0.0
2025-03-11,0.01248234517383635,0.01248234517383635,0.0,0.0
2025-03-12,0.022247749734622013,0.022247749734622013,0.0,0.0
2025-03-13,0.019705240979562888,0.019705240979562888,0.0,0.0
2025-03-14,0.019151653068479546,0.019151653068479546,0.0,0.0
2025-03-16,0.0,0.0,0.0,0.0
2025-03-17,-0.01465913819964122,-0.01465913819964122,0.0,0.0
2025-03-18,0.008309921574093639,0.008309921574093639,0.0,0.0
2025-03-19,-0.06729771576655028,-0.06729771576655028,0.0,0.0
2025-03-20,0.01449297563893518,0.01449297563893518,0.0,0.0
2025-03-21,-0.05286272644518168,-0.05286272644518168,0.0,0.0
2025-03-23,0.0,0.0,0.0,0.0
2025-03-24,0.011535130339927181,0.011535130339927181,0.0,0.0
2025-03-25,0.04721541180436972,0.04721541180436972,0.0,0.0
2025-03-26,0.008802499751628935,0.008802499751628935,0.0,0.0
2025-03-27,0.00017695984701570147,0.00017695984701570147,0.0,0.0
2025-03-28,0.02319688274345242,0.02319688274345242,0.0,0.0
2025-03-30,0.0,0.0,0.0,0.0
2025-03-31,0.0,0.0,0.0,0.0
2025-04-01,0.0,0.0,0.0,0.0
2025-04-01,0.0,-0.0007999999999999999,0.39999999999999997,20.0
2025-04-02,-0.009074268302204137,-0.009074268302204137,0.0,0.0
2025-04-03,0.012998595315424957,0.012998595315424957,0.0,0.0
2025-04-04,0.00557845185461856,0.00557845185461856,0.0,0.0
2025-04-06,0.0,0.0,0.0,0.0
2025-04-07,-0.012078618239251927,-0.012078618239251927,0.0,0.0
2025-04-08,0.005029193415255951,0.005029193415255951,0.0,0.0
2025-04-09,-0.022102831721688677,-0.022102831721688677,0.0,0.0
2025-04-10,0.016203094867552403,0.016203094867552403,0.0,0.0
2025-04-11,0.003473033100934452,0.003473033100934452,0.0,0.0
2025-04-13,0.0,0.0,0.0,0.0
2025-04-14,0.008764102218238057,0.008764102218238057,0.0,0.0
2025-04-15,-0.011258209863843464,-0.011258209863843464,0.0,0.0
2025-04-16,-0.018248727640237397,-0.018248727640237397,0.0,0.0
2025-04-17,0.01934351119849779,0.01934351119849779,0.0,0.0
2025-04-18,-0.0027751501073661634,-0.0027751501073661634,0.0,0.0
2025-04-20,0.0,0.0,0.0,0.0
2025-04-21,0.0006475716432866817,0.0006475716432866817,0.0,0.0
2025-04-22,-0.01318359948365142,-0.01318359948365142,0.0,0.0
2025-04-23,0.0,0.0,0.0,0.0
2025-04-24,0.009516283839294539,0.009516283839294539,0.0,0.0
2025-04-25,-0.010850002680447526,-0.010850002680447526,0.0,0.0
2025-04-27,0.0,0.0,0.0,0.0
2025-04-28,-0.0075182499790450875,-0.0075182499790450875,0.0,0.0
2025-04-29,-0.00966965896460318,-0.00966965896460318,0.0,0.0
2025-04-30,-0.012547701983491068,-0.012547701983491068,0.0,0.0
2025-05-01,0.0,0.0,0.0,0.0
2025-05-01,0.0,-0.0006,0.3,20.0
2025-05-02,-0.0011725924515545104,-0.0011725924515545104,0.0,0.0
2025-05-04,0.0,0.0,0.0,0.0
2025-05-05,-0.0024943826322164075,-0.0024943826322164075,0.0,0.0
2025-05-06,0.011953734256981131,0.011953734256981131,0.0,0.0
2025-05-07,-0.01318339981848884,-0.01318339981848884,0.0,0.0
2025-05-08,0.023631405184846157,0.023631405184846157,0.0,0.0
2025-05-09,0.010577948337518185,0.010577948337518185,0.0,0.0
2025-05-11,0.0,0.0,0.0,0.0
2025-05-12,0.009319797964933697,0.009319797964933697,0.0,0.0
2025-05-13,-0.0083416785822641,-0.0083416785822641,0.0,0.0
2025-05-14,-0.010045702034144588,-0.010045702034144588,0.0,0.0
2025-05-15,-0.009036295264357053,-0.009036295264357053,0.0,0.0
2025-05-16,0.003439392906142691,0.003439392906142691,0.0,0.0
2025-05-18,0.0,0.0,0.0,0.0
2025-05-19,0.0,0.0,0.0,0.0
2025-05-20,-0.015400749296782945,-0.015400749296782945,0.0,0.0
2025-05-21,-0.003519807325657943,-0.003519807325657943,0.0,0.0
2025-05-22,0.0036272400964175396,0.0036272400964175396,0.0,0.0
2025-05-23,-0.002758586690300402,-0.002758586690300402,0.0,0.0
2025-05-25,0.0,0.0,0.0,0.0
2025-05-26,-0.012063589327500023,-0.012063589327500023,0.0,0.0
2025-05-27,-0.022918975890218428,-0.022918975890218428,0.0,0.0
2025-05-28,-0.007671457177377206,-0.007671457177377206,0.0,0.0
2025-05-29,0.00797792526080301,0.00797792526080301,0.0,0.0
2025-05-30,-0.006130328021089582,-0.006130328021089582,0.0,0.0
2025-06-01,0.0,0.0,0.0,0.0
2025-06-01,0.0,-0.0006,0.3,20.0
2025-06-02,-0.015080656190242337,-0.015080656190242337,0.0,0.0
2025-06-03,0.017229195295506206,0.017229195295506206,0.0,0.0
2025-06-04,0.03206145093300841,0.03206145093300841,0.0,0.0
2025-06-05,-0.00483309808918454,-0.00483309808918454,0.0,0.0
2025-06-06,0.0,0.0,0.0,0.0
2025-06-08,0.0,0.0,0.0,0.0
2025-06-09,0.0,0.0,0.0,0.0
2025-06-10,0.006603433825853322,0.006603433825853322,0.0,0.0
2025-06-11,0.015228622737133084,0.015228622737133084,0.0,0.0
2025-06-12,-0.010431913017608508,-0.010431913017608508,0.0,0.0
2025-06-13,-0.01708723945444506,-0.01708723945444506,0.0,0.0
2025-06-15,0.0,0.0,0.0,0.0
2025-06-16,0.0030807017174571457,0.0030807017174571457,0.0,0.0
2025-06-17,-0.000620218529683636,-0.000620218529683636,0.0,0.0
2025-06-18,-0.014201754354892127,-0.014201754354892127,0.0,0.0
2025-06-19,-0.009536156791673111,-0.009536156791673111,0.0,0.0
2025-06-20,0.010372863406157973,0.010372863406157973,0.0,0.0
2025-06-22,0.0,0.0,0.0,0.0
2025-06-23,-0.008179488589728213,-0.008179488589728213,0.0,0.0
2025-06-24,0.028489536001401094,0.028489536001401094,0.0,0.0
2025-06-25,-0.013696729697696286,-0.013696729697696286,0.0,0.0
2025-06-26,-0.0036922302686438705,-0.0036922302686438705,0.0,0.0
2025-06-27,0.002439269788219167,0.002439269788219167,0.0,0.0
2025-06-29,0.0,0.0,0.0,0.0
2025-06-30,0.039288687021585986,0.039288687021585986,0.0,0.0
2025-07-01,0.0,-0.0004,0.2,20.0
2025-07-01,0.022906673156360125,0.022906673156360125,0.0,0.0
2025-07-02,0.004190020051173859,0.004190020051173859,0.0,0.0
2025-07-03,0.0047793524832833835,0.0047793524832833835,0.0,0.0
2025-07-04,0.002694903589966136,0.002694903589966136,0.0,0.0
2025-07-06,0.0,0.0,0.0,0.0
2025-07-07,-0.021774480780762696,-0.021774480780762696,0.0,0.0
2025-07-08,-0.015115410501982741,-0.015115410501982741,0.0,0.0
2025-07-09,0.012149550888079641,0.012149550888079641,0.0,0.0
2025-07-10,0.02088573867173106,0.02088573867173106,0.0,0.0
2025-07-11,0.00759736816629899,0.00759736816629899,0.0,0.0
2025-07-13,0.0,0.0,0.0,0.0
2025-07-14,-0.006560269775917672,-0.006560269775917672,0.0,0.0
2025-07-15,0.0,0.0,0.0,0.0
2025-07-16,-0.007650945282129795,-0.007650945282129795,0.0,0.0
2025-07-17,0.02772200084202297,0.02772200084202297,0.0,0.0
2025-07-18,0.009909891113639324,0.009909891113639324,0.0,0.0
2025-07-20,0.0,0.0,0.0,0.0
2025-07-21,0.021069893360007575,0.021069893360007575,0.0,0.0
2025-07-22,0.005850773863195347,0.005850773863195347,0.0,0.0
2025-07-23,-0.010326494044247736,-0.010326494044247736,0.0,0.0
2025-07-24,0.011871405216218956,0.011871405216218956,0.0,0.0
2025-07-25,-0.00011172956388572075,-0.00011172956388572075,0.0,0.0
2025-07-27,0.0,0.0,0.0,0.0
2025-07-28,-0.012100008677302734,-0.012100008677302734,0.0,0.0
2025-07-29,-0.007087854557896001,-0.007087854557896001,0.0,0.0
2025-07-30,0.012477814848573198,0.012477814848573198,0.0,0.0
2025-07-31,0.015146611123367348,0.015146611123367348,0.0,0.0
2025-08-01,0.006318043770584713,0.006318043770584713,0.0,0.0
2025-08-03,0.0,0.0,0.0,0.0
2025-08-04,-0.0037917526352532877,-0.0037917526352532877,0.0,0.0
2025-08-05,0.001050302598514119,0.001050302598514119,0.0,0.0
2025-08-06,-0.0006429108252862361,-0.0006429108252862361,0.0,0.0
2025-08-07,0.009317203439237243,0.009317203439237243,0.0,0.0
2025-08-08,0.00024207695818349037,0.00024207695818349037,0.0,0.0
2025-08-10,0.0,0.0,0.0,0.0
2025-08-11,0.00889966240657869,0.00889966240657869,0.0,0.0
2025-08-12,-0.02049958236203129,-0.02049958236203129,0.0,0.0
2025-08-13,0.003654430446066925,0.003654430446066925,0.0,0.0
2025-08-14,-0.016747364414339837,-0.016747364414339837,0.0,0.0
2025-08-15,0.005226258238475289,0.005226258238475289,0.0,0.0
2025-08-17,0.0,0.0,0.0,0.0
2025-08-18,0.007811861602351954,0.007811861602351954,0.0,0.0
2025-08-19,-0.008387112296302346,-0.008387112296302346,0.0,0.0
2025-08-20,0.016231047082761074,0.016231047082761074,0.0,0.0
2025-08-21,0.011046766452637746,0.011046766452637746,0.0,0.0
2025-08-22,0.0008865936371117435,0.0008865936371117435,0.0,0.0
2025-08-25,0.009635010499634333,0.009635010499634333,0.0,0.0
